1 23 2
1 29 2
1 29 2
1 29 2
1 23 2
1 23 2
1 23 2
8 11 2
8 11 2
9 23 2
9 29 2
11 23 2
11 23 2
11 23 2
11 23 2
11 23 2
11 23 2
11 23 2
11 23 2
11 23 2
11 23 2
11 23 2
11 23 2
11 23 2
11 23 2
11 23 2
11 23 2
11 23 2
11 23 2
13 23 2
13 23 2
13 23 2
13 22 2
13 23 2
13 23 2
13 23 2
13 23 2
13 23 2
13 23 2
13 23 2
13 3 2
13 23 2
13 22 2
13 23 2
13 23 2
13 14 2
13 1 2
13 1 2
15 16 2
17 16 2
23 9 2
24 23 2
24 23 2
24 23 2
24 23 2
24 23 2
24 23 2
24 9 2
24 23 2
24 23 2
24 23 2
24 23 2
24 23 2
24 23 2
24 23 2
26 24 2
26 23 2
26 23 2
26 23 2
26 23 2
26 12 2
26 23 2
26 29 2
26 23 2
26 29 2
26 24 2
26 24 2
26 22 2
26 23 2
26 1 2
26 23 2
26 14 2
26 1 2
26 23 2
26 22 2
26 23 2
26 23 2
26 3 2
29 23 2
29 23 2
30 23 2
30 23 2
30 0 1
30 11 2
30 11 2
30 11 2
30 11 2
30 11 2
30 23 2
30 23 2
30 23 2
30 0 1
30 0 1
31 4 2
31 4 2
32 5 2
32 5 2
33 6 2
33 6 2
34 7 2
34 7 2
35 17 2
35 15 2
35 15 2
35 17 2
36 22 2
36 22 2
36 22 2
37 25 2
37 25 2
37 25 2
38 27 2
38 27 2
39 8 2
43 23 2
43 23 2
43 23 2
43 23 2
43 23 2
43 23 2
43 23 2
43 23 2
43 29 2
43 23 2
43 8 2
43 23 2
43 23 2
43 23 2
43 23 2
43 23 2
43 23 2
43 23 2
43 23 2
43 23 2
43 23 2
43 23 2
43 23 2
43 8 2
43 29 2
43 8 2
43 29 2
43 8 2
43 29 2
43 23 2
43 8 2
43 23 2
43 23 2
43 23 2
43 23 2
43 23 2
43 23 2
43 29 2
43 23 2
43 23 2
43 23 2
43 23 2
43 8 2
43 23 2
43 29 2
43 23 2
43 23 2
43 23 2
43 23 2
43 23 2
43 23 2
43 8 2
43 23 2
43 23 2
43 23 2
43 29 2
43 23 2
43 23 2
43 8 2
43 23 2
43 23 2
43 23 2
43 23 2
43 23 2
43 23 2
43 23 2
43 23 2
43 23 2
43 23 2
43 29 2
43 23 2
43 23 2
43 23 2
43 8 2
43 29 2
43 8 2
43 23 2
43 23 2
43 23 2
43 23 2
43 23 2
43 23 2
43 23 2
43 23 2
43 29 2
43 23 2
43 23 2
43 8 2
43 23 2
43 23 2
43 23 2
43 29 2
43 23 2
43 23 2
43 23 2
43 23 2
43 23 2
43 8 2
43 29 2
43 23 2
44 70 2
44 29 2
45 29 2
46 8 2
46 24 2
46 29 2
46 23 2
46 8 2
46 24 2
46 29 2
46 23 2
46 8 2
46 24 2
46 29 2
46 8 2
46 24 2
46 29 2
46 24 2
46 8 2
46 24 2
46 29 2
46 8 2
46 24 2
46 29 2
46 24 2
46 23 2
46 8 2
46 24 2
46 29 2
46 24 2
46 8 2
46 24 2
46 29 2
46 8 2
46 24 2
46 29 2
46 24 2
46 8 2
46 24 2
46 29 2
46 24 2
47 70 2
47 29 2
48 29 2
48 70 2
48 29 2
49 29 2
49 29 2
50 29 2
50 29 2
51 29 2
52 29 2
52 29 2
52 29 2
53 70 2
53 29 2
54 29 2
54 70 2
54 29 2
54 29 2
55 29 2
55 29 2
56 29 2
57 29 2
57 29 2
58 29 2
59 29 2
59 29 2
60 29 2
61 29 2
62 29 2
62 29 2
63 29 2
63 29 2
64 29 2
65 29 2
65 29 2
66 29 2
67 29 2
67 14 2
67 25 2
67 29 2
68 29 2
68 29 2
68 29 2
29 8 2
