1 18 1
1 18 1
1 13 2
1 18 2
2 3 1
2 17 2
2 3 1
2 3 1
3 13 2
3 13 2
4 17 2
4 3 1
4 3 2
7 5 2
8 7 2
9 10 2
9 129 2
9 129 2
9 131 2
9 131 2
9 10 2
9 10 2
9 131 2
9 118 2
9 118 2
9 118 2
9 118 2
9 118 2
9 120 2
9 124 2
10 118 2
10 18 2
10 118 2
10 118 2
10 118 2
10 127 2
10 125 2
10 125 2
10 17 2
10 17 2
10 17 2
10 118 2
10 118 2
11 118 2
14 17 2
14 5 1
14 5 2
14 5 1
14 5 1
14 5 2
14 5 1
14 5 1
14 5 2
14 5 1
14 5 1
14 5 2
14 5 1
14 5 2
14 5 1
14 5 2
14 5 1
14 5 2
14 5 1
14 5 2
14 5 1
14 5 2
14 5 1
14 5 2
14 5 1
14 5 2
14 5 1
14 5 2
14 5 1
14 5 2
14 5 1
14 5 2
14 5 1
14 5 2
14 5 1
14 5 2
14 5 1
14 5 2
14 5 1
14 5 2
14 5 1
14 5 2
14 5 1
14 5 2
14 5 1
14 5 2
14 5 1
14 5 2
14 5 1
14 5 2
14 5 1
14 5 2
14 5 1
14 5 1
14 5 1
14 5 2
14 5 1
14 5 2
14 5 1
14 5 1
14 5 2
14 5 1
14 5 1
14 5 1
14 5 1
14 5 1
17 16 2
17 16 2
17 16 2
17 14 2
17 12 2
17 16 2
17 13 2
18 14 2
18 14 2
18 73 2
18 13 2
18 17 2
18 13 2
22 17 2
22 17 2
22 17 2
22 17 2
22 15 2
22 15 2
22 19 2
22 17 2
22 17 2
22 17 2
22 17 2
23 19 1
23 19 1
23 19 1
23 22 2
23 17 2
23 13 2
23 22 2
23 17 2
23 19 2
23 21 2
23 19 2
23 18 2
23 19 2
23 19 1
5 65 2
5 65 2
5 65 2
8 5 2
30 195 1
30 194 1
30 195 1
30 194 1
30 195 1
30 194 1
30 195 1
30 195 1
30 195 1
30 195 1
30 195 1
30 195 1
30 120 1
30 120 1
30 118 2
30 118 2
30 118 2
30 118 2
30 118 2
30 118 2
30 118 2
30 118 2
30 118 2
33 34 2
33 129 2
33 34 2
33 119 2
33 129 2
33 119 2
33 34 2
33 118 2
33 146 2
33 129 2
33 129 2
33 118 2
33 129 2
33 118 2
33 118 2
33 131 2
33 129 2
33 118 2
33 118 2
33 118 2
34 118 2
34 118 2
34 118 2
34 118 2
34 118 2
34 126 1
34 126 1
34 125 2
34 126 1
34 126 1
35 116 1
35 116 1
36 126 2
36 130 2
37 129 2
37 119 2
37 36 2
37 130 2
37 99 2
38 37 2
42 48 1
42 139 2
42 139 2
42 48 1
42 47 1
42 139 2
42 97 2
42 139 2
42 97 2
42 139 2
42 48 2
42 45 2
42 97 2
42 45 2
42 48 2
42 48 2
42 45 2
43 48 1
43 45 2
43 97 2
43 48 2
43 47 2
43 45 2
43 45 2
43 97 2
43 48 2
50 48 2
50 45 2
50 47 1
51 48 1
51 134 1
51 97 2
51 134 1
51 134 2
51 139 2
51 139 2
51 139 2
51 134 1
51 134 1
51 97 2
51 134 1
51 143 1
51 43 2
51 139 2
51 5 2
51 43 2
51 43 2
51 43 2
51 97 2
51 143 2
51 143 2
51 43 2
51 43 2
51 97 2
51 43 2
51 139 2
51 48 1
51 139 2
51 139 2
57 141 1
57 141 2
58 141 1
59 141 1
60 127 2
60 131 1
60 131 1
60 118 2
61 141 1
62 141 1
63 141 1
64 141 1
65 55 2
65 5 2
66 5 2
66 65 1
67 5 2
67 65 1
70 72 1
71 72 1
72 73 2
75 129 1
75 141 2
76 120 2
76 120 2
76 129 1
77 124 2
77 129 1
78 127 2
78 97 2
78 97 2
79 131 1
79 118 2
79 118 2
79 131 1
79 81 2
79 81 2
79 118 2
79 127 2
79 127 2
79 127 2
82 127 2
82 127 2
82 127 2
82 118 2
82 117 2
82 14 2
82 131 1
82 17 2
82 13 2
82 131 1
82 118 2
82 117 2
82 14 2
82 118 2
82 18 2
82 118 2
82 18 2
82 18 2
82 3 2
82 18 2
82 18 2
82 120 2
82 18 2
82 18 2
82 121 2
82 18 2
82 18 2
82 123 2
83 97 2
83 85 2
83 85 2
83 131 1
83 78 2
83 131 1
83 118 2
83 118 2
83 97 2
83 97 2
83 97 2
83 84 2
83 127 2
83 127 2
83 127 2
83 118 2
83 97 2
83 120 2
83 124 2
84 127 2
84 98 2
84 98 2
84 127 2
84 127 2
84 98 2
84 98 2
84 98 2
84 98 2
84 98 2
84 98 2
84 127 2
85 97 2
85 97 2
85 97 2
86 127 2
86 87 2
86 127 2
86 127 2
86 127 2
86 127 2
89 97 2
89 97 2
90 143 1
91 143 1
92 143 1
92 143 2
93 143 1
93 139 2
94 87 2
94 143 1
94 139 2
95 143 1
95 139 2
97 73 2
98 13 1
98 13 1
98 97 2
98 97 2
99 68 2
99 126 1
99 130 2
99 126 1
99 126 1
99 126 1
99 130 2
99 125 2
99 125 2
99 130 2
99 130 2
99 130 2
100 69 2
100 69 2
102 5 1
102 87 2
102 115 1
102 5 2
103 71 1
103 70 1
103 5 1
103 5 1
103 104 2
103 71 2
103 70 2
103 104 2
103 143 1
103 104 2
103 5 2
103 104 2
103 104 2
103 5 2
104 100 1
104 100 2
105 143 2
107 111 2
108 143 1
108 111 2
109 105 1
109 105 1
110 118 2
110 112 1
112 87 2
112 143 2
113 143 2
115 143 2
116 141 2
119 130 2
119 21 2
119 68 2
119 118 2
119 130 2
119 21 2
119 129 2
119 129 2
119 129 2
119 131 2
119 131 2
119 127 2
119 127 2
119 127 2
119 130 2
119 127 2
119 127 2
120 118 2
120 118 2
120 118 2
120 118 2
120 121 2
124 123 2
125 118 2
127 126 2
127 126 2
127 126 2
127 126 2
127 126 2
127 126 2
127 126 2
129 118 2
129 116 2
129 119 2
129 120 2
130 126 1
130 126 1
130 126 1
130 126 1
130 126 1
130 126 1
131 118 2
134 13 1
134 127 2
134 145 1
134 139 2
134 118 2
134 97 2
134 139 2
134 97 2
134 145 1
134 97 2
134 97 2
134 97 2
134 97 2
134 97 2
134 97 2
134 139 2
134 88 2
134 139 2
134 139 2
134 97 2
134 97 2
134 106 2
134 97 2
134 97 2
134 97 2
134 13 1
137 138 1
137 138 1
137 138 1
137 138 1
137 138 1
139 88 2
139 138 1
139 138 1
139 138 1
139 138 1
139 140 2
139 138 1
97 73 2
97 5 2
97 137 2
97 139 2
97 139 2
144 266 1
144 266 1
144 266 1
144 266 1
144 266 1
144 266 1
144 208 1
144 258 1
144 194 1
144 260 1
144 266 1
144 194 1
144 266 1
144 266 1
144 266 1
144 260 1
144 279 1
144 194 1
144 266 1
144 266 1
144 266 1
144 266 1
144 266 1
144 134 1
144 97 2
144 97 2
144 137 2
144 97 2
144 139 2
144 134 1
144 134 2
144 134 1
144 134 2
144 137 2
144 134 1
144 139 2
144 146 1
144 139 2
144 97 2
144 97 2
144 139 2
144 139 2
144 97 2
144 139 2
144 97 2
144 97 2
145 139 2
145 97 2
145 97 2
145 97 2
145 97 2
145 97 2
145 142 2
145 142 2
145 97 2
145 86 2
145 143 2
145 86 2
145 86 2
145 86 2
145 97 2
145 131 1
145 118 2
145 118 2
145 131 1
145 86 2
145 143 2
145 86 2
145 120 2
145 124 2
145 120 2
145 124 2
146 195 1
146 195 1
146 171 1
146 195 1
146 171 1
146 195 1
146 267 1
146 195 1
146 171 1
146 194 1
146 194 1
146 194 1
146 171 1
146 195 1
146 171 1
146 267 1
146 171 1
146 171 1
146 260 1
146 195 1
146 195 1
146 195 1
146 141 2
146 141 2
146 131 2
146 131 2
146 145 1
133 23 2
133 18 2
133 147 2
147 23 2
147 14 1
147 14 2
147 14 2
147 14 2
147 14 2
147 14 2
147 14 2
149 148 2
149 150 2
149 150 2
149 148 2
149 148 2
149 150 2
150 148 2
150 148 2
150 148 2
150 149 2
150 149 2
150 148 2
150 149 2
150 149 2
150 149 2
150 149 2
150 149 2
150 149 2
150 148 2
151 23 2
151 150 2
151 14 1
151 150 2
151 14 2
151 14 2
151 148 2
151 148 2
151 150 2
151 14 2
151 148 2
151 150 2
151 14 2
151 148 2
151 150 2
151 14 2
151 148 2
151 150 2
151 14 2
151 148 2
151 150 2
151 14 2
151 148 2
151 148 2
151 150 2
151 14 2
151 149 2
151 150 2
151 149 2
151 14 2
151 149 2
151 150 2
151 14 2
151 14 2
151 150 2
151 14 2
151 149 2
151 14 2
151 149 2
151 14 2
151 149 2
151 14 2
151 149 2
151 14 2
151 150 2
151 14 2
151 14 2
151 148 2
151 150 2
151 14 2
151 148 2
151 150 2
151 14 2
151 149 2
151 14 2
151 149 2
151 14 2
151 149 2
151 150 2
151 14 2
151 149 2
151 14 2
151 149 2
151 14 2
151 149 2
151 14 2
151 149 2
152 14 1
152 14 2
152 14 2
152 23 2
133 23 2
133 18 2
153 14 1
153 17 2
153 14 2
153 17 2
153 13 2
153 17 2
153 17 2
153 14 2
153 17 2
153 13 2
153 17 2
153 17 2
153 14 2
153 17 2
153 13 2
153 17 2
153 17 2
153 14 2
153 17 2
153 13 2
153 17 2
153 18 2
133 23 2
133 18 2
154 4 1
154 17 2
154 14 2
154 4 2
154 14 2
154 17 2
154 14 2
154 18 2
154 4 2
154 17 2
154 14 2
154 14 2
154 4 2
154 5 2
154 17 2
154 14 2
154 4 2
154 5 2
155 14 1
155 18 2
155 14 2
155 17 2
155 13 2
155 13 2
155 14 2
155 17 2
155 13 2
155 13 2
155 14 2
155 17 2
155 13 2
155 13 2
155 14 2
155 14 2
133 23 2
133 18 2
133 18 2
133 171 2
156 14 2
156 14 2
156 14 2
157 14 2
157 14 2
157 14 2
157 14 2
157 14 2
157 14 2
157 14 2
157 14 2
157 14 2
157 14 2
157 14 2
157 14 2
157 8 2
157 14 2
157 14 2
157 14 2
157 14 2
157 14 2
157 14 2
157 14 2
157 14 2
157 14 2
157 14 2
157 14 2
157 14 2
157 14 2
157 14 2
157 14 2
157 14 2
157 14 2
158 14 2
158 7 2
158 14 2
158 7 2
158 14 2
158 7 2
158 14 2
158 7 2
158 14 2
158 7 2
158 14 2
158 7 2
158 14 2
158 7 2
158 14 2
158 7 2
158 14 2
158 7 2
158 14 2
158 7 2
158 14 2
158 7 2
158 14 2
158 7 2
158 14 2
158 7 2
158 14 2
158 7 2
158 14 2
158 7 2
158 14 2
158 7 2
158 14 2
158 7 2
158 14 2
158 7 2
158 14 2
158 7 2
159 14 2
159 8 2
159 14 2
159 14 2
159 14 2
159 14 2
159 14 2
159 14 2
160 14 2
160 14 2
160 14 2
160 14 2
160 14 2
160 14 2
160 14 2
160 14 2
160 14 2
160 14 2
160 14 2
125 14 1
125 14 2
161 14 2
161 14 2
161 14 2
161 14 2
161 14 2
161 14 2
161 14 2
161 14 2
161 14 2
161 14 2
161 14 2
161 14 2
161 14 2
169 168 1
170 14 1
171 14 1
171 18 2
171 14 2
171 17 2
171 14 2
171 17 2
171 18 2
171 14 2
171 17 2
171 14 2
171 17 2
171 13 2
171 17 2
171 17 2
171 14 2
171 17 2
171 13 2
171 17 2
171 14 2
171 17 2
171 13 2
171 17 2
171 14 2
171 18 2
171 14 2
171 18 2
171 17 2
171 17 2
171 14 2
171 17 2
171 18 2
171 17 2
171 14 2
171 18 2
171 14 2
171 17 2
171 18 2
171 14 2
171 18 2
171 17 2
171 18 2
171 14 2
171 18 2
171 18 2
171 18 2
172 14 1
172 14 1
172 14 2
172 14 2
172 14 2
172 14 2
172 14 2
172 14 2
172 14 2
172 14 2
172 15 2
172 14 2
172 13 2
172 17 2
172 14 2
172 14 2
172 17 2
172 14 2
172 17 2
172 13 2
172 17 2
172 17 2
172 14 2
172 14 2
172 17 2
172 14 2
172 17 2
172 14 2
172 17 2
172 17 2
172 14 2
172 17 2
172 14 2
172 17 2
172 17 2
172 14 2
172 17 2
172 14 2
172 17 2
173 17 2
173 17 2
173 17 2
173 14 2
173 17 2
173 14 2
173 17 2
173 17 2
174 14 1
174 17 2
174 14 2
174 14 2
174 14 2
174 14 2
174 14 2
174 14 2
174 14 2
133 23 2
133 18 2
176 19 1
176 19 1
176 19 1
176 19 1
176 19 2
176 19 2
176 14 2
177 276 1
177 119 2
177 119 2
177 14 2
178 14 1
178 14 2
178 19 2
179 22 1
179 23 2
179 14 1
179 14 2
179 23 2
179 14 2
179 18 2
179 23 2
179 14 2
179 18 2
179 23 2
179 14 2
179 18 2
179 23 2
179 23 2
179 22 2
179 14 2
179 18 2
179 23 2
179 23 2
179 22 2
180 14 2
180 14 2
180 23 2
180 23 2
181 14 2
181 14 2
181 23 2
181 17 2
181 14 2
182 14 1
183 5 1
183 69 1
183 5 1
183 5 1
183 69 1
183 5 2
183 69 2
183 5 2
183 69 2
183 5 2
183 69 2
184 5 1
184 73 2
184 5 2
184 5 2
184 5 2
184 5 2
185 5 1
185 127 2
185 127 2
185 5 2
185 127 2
185 127 2
185 126 1
185 126 1
185 126 1
147 5 1
147 23 2
147 5 2
147 5 2
147 5 2
147 5 2
147 5 2
147 5 2
151 5 1
151 5 1
151 5 1
151 150 2
151 5 2
151 150 2
151 5 2
151 148 2
151 148 2
151 5 2
151 150 2
151 148 2
151 5 2
151 150 2
151 148 2
151 5 2
151 150 2
151 148 2
151 5 2
151 150 2
151 148 2
151 150 2
151 5 2
151 148 2
151 148 2
151 5 2
151 150 2
151 149 2
151 150 2
151 5 2
151 149 2
151 5 2
151 149 2
151 150 2
151 5 2
151 5 2
151 150 2
151 149 2
151 5 2
151 5 2
151 149 2
151 5 2
151 149 2
151 149 2
151 5 2
151 5 2
151 149 2
151 5 2
151 150 2
151 5 2
151 148 2
151 5 2
151 150 2
151 148 2
151 5 2
151 150 2
151 149 2
151 5 2
151 149 2
151 5 2
151 149 2
151 5 2
151 150 2
151 149 2
151 5 2
151 149 2
151 5 2
151 149 2
151 5 2
151 149 2
152 5 1
152 5 2
186 5 1
186 5 1
186 5 1
186 5 1
186 5 1
186 5 1
186 5 1
186 5 1
186 5 1
186 5 2
186 5 2
186 5 2
186 5 2
186 5 2
186 5 2
186 5 2
186 5 2
186 5 2
186 5 2
186 5 2
186 5 2
186 5 2
186 5 2
186 5 2
186 5 2
186 5 2
186 5 2
186 5 2
186 5 2
186 5 2
186 5 2
186 5 2
186 5 2
186 5 2
186 5 2
186 5 2
186 5 2
186 5 2
186 5 2
186 5 2
186 5 2
186 5 2
186 5 2
186 5 2
186 5 2
186 5 2
186 5 2
186 5 2
186 5 2
186 5 2
186 5 2
186 5 2
186 5 2
186 5 2
186 5 2
186 5 2
186 5 2
186 5 2
186 5 2
186 5 2
186 5 2
186 5 2
186 5 2
186 5 2
186 5 2
186 5 2
186 5 2
186 5 2
186 5 2
186 5 2
186 5 2
186 5 2
186 5 2
186 5 2
186 5 2
186 5 2
186 5 2
186 5 2
186 5 2
186 5 2
186 5 2
186 5 2
186 5 2
186 5 2
186 5 2
186 5 2
186 5 2
186 5 2
186 5 2
186 5 2
186 5 2
186 5 2
186 5 2
186 5 2
186 5 2
186 5 2
186 8 2
186 5 2
186 5 2
186 5 2
186 5 2
186 5 2
186 5 2
186 5 2
186 5 2
186 5 2
186 5 2
186 5 2
186 5 2
186 5 2
186 5 2
186 5 2
186 5 2
186 5 2
186 5 2
186 5 2
186 5 2
186 5 2
186 5 2
186 5 2
186 5 2
186 5 2
186 5 2
187 5 1
187 5 1
187 5 1
187 87 2
187 87 2
187 87 2
187 5 2
187 5 2
187 5 2
187 87 2
187 87 2
188 5 1
188 5 1
188 5 2
188 5 2
188 130 2
188 119 2
188 130 2
188 5 2
188 5 2
188 130 2
188 119 2
188 130 2
189 5 1
189 5 1
189 5 2
189 118 2
189 5 2
189 118 2
189 5 2
189 118 2
189 5 2
189 118 2
189 5 2
189 118 2
189 118 2
189 5 2
189 131 2
189 129 2
189 129 2
190 5 1
190 5 1
190 5 2
190 5 2
190 118 2
190 5 2
190 5 2
190 118 2
190 118 2
190 118 2
190 118 2
191 5 1
191 5 1
191 118 2
191 5 2
191 118 2
191 5 2
191 118 2
191 118 2
191 5 2
191 118 2
191 118 2
192 26 1
192 5 1
192 26 1
192 5 1
192 26 1
192 5 1
192 37 1
192 5 1
192 26 1
192 5 1
192 38 1
192 26 2
192 5 2
192 5 2
192 130 2
192 119 2
192 130 2
192 130 2
192 5 2
192 119 2
192 119 2
192 26 2
192 5 2
192 5 2
192 130 2
192 119 2
192 130 2
192 130 2
192 26 2
192 26 2
192 26 2
192 26 2
192 26 2
192 5 2
192 26 2
192 56 2
192 5 2
192 26 2
192 5 2
192 5 2
192 26 2
192 26 2
192 5 2
192 5 2
192 38 2
192 37 2
192 26 2
192 5 2
192 5 2
192 38 2
192 37 2
192 26 2
192 5 2
192 5 2
192 38 2
192 37 2
192 26 2
192 26 2
192 5 2
192 125 2
192 26 2
192 5 2
192 125 2
192 5 2
192 125 2
192 26 2
192 5 2
192 5 2
192 5 2
192 125 2
192 119 2
192 119 2
193 5 1
193 26 1
193 5 2
193 26 2
193 5 2
193 5 2
193 5 2
194 37 1
194 5 1
194 38 1
194 38 1
194 5 2
194 5 2
194 5 2
194 5 2
194 5 2
194 38 2
194 37 2
194 5 2
194 38 2
194 37 2
194 5 2
194 38 2
194 37 2
195 5 1
195 5 1
195 30 1
195 37 1
195 5 1
195 5 1
195 38 1
195 5 2
195 5 2
195 5 2
195 38 2
195 37 2
195 5 2
195 38 2
195 37 2
195 5 2
195 5 2
195 130 2
195 119 2
195 130 2
195 5 2
195 5 2
195 130 2
195 119 2
195 130 2
195 5 2
195 129 2
195 5 2
195 30 2
195 129 2
195 130 2
195 119 2
195 130 2
195 30 1
195 5 2
195 30 2
195 131 2
195 120 2
195 30 1
195 5 2
195 30 2
195 131 2
195 120 2
195 30 1
195 5 2
195 130 2
195 119 2
195 130 2
195 5 2
195 30 2
195 30 2
195 30 1
195 5 2
195 38 2
195 37 2
195 5 2
195 38 2
195 37 2
195 5 2
195 38 2
195 37 2
197 38 1
197 5 1
197 38 1
197 26 1
197 5 2
197 26 2
198 5 1
198 5 1
198 5 1
198 5 2
198 118 2
198 5 2
198 118 2
198 118 2
198 118 2
198 118 2
198 5 2
198 118 2
198 118 2
198 118 2
198 118 2
198 5 2
198 118 2
198 118 2
198 118 2
198 118 2
198 5 2
198 118 2
198 118 2
198 118 2
198 118 2
198 5 2
198 118 2
198 5 2
198 5 2
198 118 2
198 118 2
198 118 2
198 118 2
198 118 2
199 5 1
199 33 2
199 14 2
199 33 2
199 118 2
199 5 2
199 33 2
199 129 2
200 5 1
200 5 1
200 5 1
200 5 1
200 33 2
200 5 2
200 118 2
200 5 2
200 5 2
200 129 2
200 33 2
200 33 2
200 118 2
200 5 2
200 129 2
200 129 2
200 33 2
200 33 2
200 118 2
200 5 2
200 129 2
200 129 2
200 33 2
200 33 2
200 118 2
200 5 2
200 129 2
200 33 2
200 33 2
200 118 2
200 5 2
200 116 2
200 33 2
200 129 2
200 5 2
200 5 2
200 33 2
200 5 2
200 125 2
200 33 2
200 130 2
200 118 2
200 33 2
200 5 2
200 118 2
200 129 2
200 33 2
200 33 2
200 5 2
200 129 2
200 119 2
200 130 2
200 33 2
200 5 2
200 129 2
200 130 2
200 33 2
200 5 2
200 129 2
200 130 2
200 118 2
200 5 2
200 131 2
200 82 2
200 120 2
200 5 2
200 131 2
200 129 2
200 129 2
200 129 2
200 33 2
200 129 2
200 129 2
200 125 2
200 129 2
200 33 2
200 5 2
200 119 2
200 130 2
200 5 2
200 130 2
200 119 2
200 129 2
200 125 2
200 129 2
200 33 2
200 5 2
200 119 2
200 130 2
201 5 1
201 5 1
201 5 1
201 5 2
201 5 2
201 5 2
201 5 2
201 5 2
201 119 2
201 35 2
201 5 2
201 5 2
201 130 2
202 5 1
202 5 1
202 5 1
202 5 2
202 5 2
202 35 2
202 5 2
202 5 2
202 119 2
202 5 2
202 130 2
203 5 1
203 5 2
203 37 2
203 118 2
203 5 2
203 37 2
203 118 2
204 5 1
204 5 2
204 38 2
204 5 2
204 38 2
205 37 1
205 5 1
205 5 1
205 38 1
205 143 2
205 134 2
205 5 2
205 5 2
205 38 2
205 37 2
205 134 1
205 5 2
205 38 2
205 37 2
206 37 1
206 5 1
206 5 1
206 5 1
206 38 1
206 105 1
206 5 2
206 5 2
206 5 2
206 119 2
206 5 2
206 119 2
206 143 2
206 5 2
206 5 2
206 5 2
206 5 2
206 119 2
206 130 2
206 143 2
206 5 2
206 5 2
206 38 2
206 37 2
206 5 2
206 5 2
206 5 2
206 119 2
206 5 2
206 119 2
206 5 2
206 5 2
206 5 2
206 5 2
206 119 2
206 130 2
206 143 2
206 5 2
206 5 2
206 119 2
206 130 2
207 125 2
207 125 2
207 126 1
207 126 1
207 126 1
207 126 1
207 126 1
207 126 1
207 126 1
208 26 1
208 207 1
208 207 1
208 103 1
208 5 1
208 207 1
208 5 1
208 207 1
208 207 2
208 207 2
208 207 2
208 207 2
208 5 2
208 119 2
208 119 2
208 103 2
208 103 2
208 103 2
208 103 2
208 103 2
208 103 2
208 103 2
208 103 2
208 103 2
208 103 2
208 103 2
208 103 2
208 103 2
208 103 2
208 103 2
208 103 2
208 103 2
208 103 2
208 103 2
208 103 2
208 103 2
208 103 2
208 103 2
208 103 2
208 103 2
208 103 2
208 103 2
208 103 2
208 103 2
208 5 2
208 103 2
208 103 2
208 103 2
208 103 2
208 103 2
208 103 2
208 103 2
208 26 2
208 103 2
208 103 2
208 103 2
208 103 2
208 103 2
208 103 2
208 103 2
208 103 2
208 103 2
208 103 2
208 103 2
208 103 2
208 103 2
208 103 2
208 103 2
208 103 2
208 103 2
208 103 2
208 103 2
209 37 1
209 5 1
209 5 1
209 38 1
209 5 2
209 5 2
209 38 2
209 37 2
210 112 1
210 112 1
210 112 1
210 112 1
211 38 1
211 5 1
211 5 1
211 37 1
211 5 1
211 5 1
211 38 1
211 143 2
211 5 2
211 119 2
211 5 2
211 119 2
211 143 2
211 5 2
211 119 2
211 5 2
211 119 2
211 130 2
211 139 2
211 5 2
211 5 2
211 119 2
211 130 2
211 139 2
211 139 2
211 5 2
211 5 2
211 119 2
211 5 2
211 119 2
211 38 2
211 5 2
211 37 2
211 38 2
211 5 2
211 37 2
211 38 2
211 5 2
211 37 2
211 143 2
211 118 2
211 5 2
211 5 2
211 38 2
211 37 2
212 5 1
212 5 2
212 110 2
212 5 2
212 110 2
212 5 2
212 110 2
212 5 2
212 110 2
212 5 2
212 110 2
213 37 1
213 107 1
213 5 1
213 5 1
213 112 1
213 112 1
213 107 2
213 107 2
213 5 2
213 5 2
213 37 2
214 5 1
214 5 2
214 5 2
215 37 1
215 5 1
215 5 1
215 5 1
215 38 1
215 38 1
215 109 2
215 5 2
215 5 2
215 5 2
215 38 2
215 37 2
215 5 2
215 109 2
215 5 2
215 109 2
215 109 2
215 5 2
215 109 2
215 109 2
215 5 2
215 5 2
215 38 2
215 37 2
215 5 2
215 109 2
215 5 2
215 5 2
215 5 2
215 38 2
215 37 2
215 109 2
215 5 2
215 5 2
215 5 2
215 5 2
215 38 2
215 37 2
215 109 2
215 109 2
215 109 2
215 109 2
215 5 2
215 109 2
215 109 2
215 109 2
215 109 2
215 5 2
215 109 2
215 109 2
215 109 2
215 5 2
215 109 2
215 109 2
215 109 2
215 5 2
215 38 2
215 37 2
215 109 2
215 109 2
215 109 2
215 5 2
215 5 2
215 38 2
215 37 2
216 5 1
216 5 1
216 109 2
216 109 2
216 109 2
216 109 2
216 109 2
216 109 2
216 103 2
216 103 2
216 109 2
216 109 2
216 109 2
216 109 2
216 103 2
216 103 2
216 109 2
216 109 2
216 103 2
216 103 2
216 109 2
216 109 2
216 109 2
216 109 2
216 109 2
216 109 2
216 109 2
216 109 2
216 109 2
216 109 2
216 5 2
216 109 2
216 109 2
216 109 2
216 109 2
216 109 2
216 109 2
216 109 2
216 5 2
216 5 2
216 5 2
216 109 2
216 5 2
217 38 1
217 5 1
217 5 1
217 37 1
217 5 1
217 5 1
217 38 1
217 143 2
217 5 2
217 119 2
217 5 2
217 5 2
217 119 2
217 130 2
217 5 2
217 119 2
217 143 2
217 5 2
217 119 2
217 5 2
217 119 2
217 130 2
217 5 2
217 5 2
217 119 2
217 130 2
217 5 2
217 5 2
217 119 2
217 5 2
217 119 2
217 38 2
217 5 2
217 37 2
217 38 2
217 5 2
217 37 2
217 38 2
217 5 2
217 37 2
217 143 2
217 118 2
217 5 2
217 5 2
217 38 2
217 37 2
217 143 2
217 5 2
217 119 2
217 5 2
217 5 2
217 119 2
217 130 2
217 5 2
217 119 2
217 143 2
217 5 2
217 119 2
217 5 2
217 119 2
217 130 2
217 5 2
217 5 2
217 119 2
217 130 2
217 26 2
217 5 2
217 130 2
217 119 2
217 130 2
217 5 2
217 5 2
217 119 2
217 5 2
217 119 2
217 38 2
217 5 2
217 37 2
217 38 2
217 5 2
217 37 2
217 38 2
217 5 2
217 37 2
217 5 2
217 5 2
217 38 2
217 37 2
217 143 2
217 5 2
217 5 2
217 38 2
217 37 2
217 143 2
217 5 2
217 5 2
217 119 2
217 130 2
218 26 1
218 38 1
218 119 1
218 5 1
218 37 1
218 5 1
218 38 1
218 26 2
218 5 2
218 119 2
218 5 2
218 38 2
218 38 2
218 37 2
218 5 2
218 5 2
218 119 2
218 5 2
218 38 2
218 38 2
218 37 2
218 5 2
218 38 2
218 38 2
218 37 2
218 5 2
218 38 2
218 38 2
218 37 2
219 26 1
219 5 1
219 119 1
219 5 1
219 26 2
219 5 2
219 119 2
219 5 2
219 5 2
219 119 2
219 113 1
219 113 1
219 113 1
219 113 1
220 5 1
220 5 1
220 5 2
220 5 2
220 119 2
220 130 2
221 37 1
221 5 1
221 5 1
221 38 1
221 38 1
221 102 2
221 5 2
221 38 2
221 37 2
221 102 2
221 5 2
221 38 2
221 37 2
221 102 2
221 5 2
221 38 2
221 37 2
221 102 2
221 5 2
221 38 2
221 37 2
221 5 2
221 102 2
221 5 2
221 38 2
221 37 2
221 5 2
221 5 2
221 38 2
221 37 2
222 5 1
222 45 2
222 5 2
222 42 2
224 226 2
224 227 1
224 56 2
225 227 1
225 48 2
225 48 2
225 227 2
226 228 2
230 51 1
230 51 2
230 51 1
230 225 2
230 51 2
230 51 1
230 225 2
230 43 2
230 225 2
230 45 2
230 45 2
230 43 2
230 43 2
231 26 1
231 223 2
231 26 2
232 5 1
232 26 1
232 5 2
232 26 2
232 5 2
232 26 2
232 5 2
232 5 2
232 5 2
232 44 2
233 26 1
233 5 1
233 5 1
233 26 2
233 5 2
233 45 2
233 45 2
233 45 2
233 45 2
233 5 2
234 5 1
234 26 1
234 5 1
234 5 1
234 5 2
234 5 2
234 5 2
234 26 2
234 5 2
234 26 2
234 5 2
234 26 2
234 26 2
234 5 2
234 5 2
234 5 2
234 5 2
235 37 1
235 26 1
235 5 1
235 38 1
235 26 2
235 5 2
235 38 2
235 37 2
236 37 1
236 5 1
236 38 1
236 5 2
236 38 2
236 37 2
236 5 2
236 38 2
236 37 2
237 37 1
237 38 1
237 5 1
237 38 1
237 38 1
237 5 2
237 5 2
237 118 2
237 5 2
237 97 2
237 38 2
237 5 2
237 37 2
237 5 2
237 38 2
237 5 2
237 37 2
237 5 2
237 38 2
237 5 2
237 37 2
237 5 2
237 38 2
237 38 2
237 37 2
237 38 2
237 5 2
237 37 2
237 5 2
237 38 2
237 38 2
237 37 2
238 37 1
238 5 1
238 26 1
238 26 2
238 5 2
238 37 2
238 26 2
238 37 2
239 37 1
239 5 1
239 38 1
239 5 2
239 38 2
239 37 2
239 5 2
239 38 2
239 37 2
239 5 2
239 5 2
239 5 2
239 5 2
239 43 2
239 43 2
239 119 2
239 130 2
240 37 1
240 5 1
240 38 1
240 5 2
240 5 2
240 38 2
240 37 2
240 5 2
240 5 2
240 38 2
240 37 2
240 5 2
240 119 2
240 5 2
240 119 2
240 5 2
240 119 2
240 5 2
240 119 2
241 37 1
241 5 1
241 5 1
241 38 1
241 38 1
241 5 2
241 37 2
241 37 2
241 5 2
241 38 2
241 37 2
241 5 2
241 38 2
241 37 2
241 5 2
241 5 2
241 130 2
241 119 2
241 125 2
241 130 2
242 37 1
242 38 1
242 5 1
242 38 1
242 38 1
242 38 1
242 5 2
242 38 2
242 37 2
242 38 2
242 5 2
242 37 2
242 38 2
242 5 2
242 37 2
242 38 2
242 5 2
242 37 2
242 38 2
242 5 2
242 37 2
242 38 2
242 5 2
242 37 2
242 38 2
242 5 2
242 37 2
242 38 2
242 5 2
242 37 2
242 5 2
242 38 2
242 38 2
242 37 2
243 5 1
243 50 2
243 5 2
243 48 2
243 45 2
244 5 1
244 5 1
244 5 1
244 103 2
244 103 2
244 103 2
244 103 2
244 92 2
244 92 2
244 143 1
244 5 2
244 92 2
244 143 1
244 5 2
244 5 2
244 92 2
244 5 2
244 143 1
245 5 1
245 5 1
245 5 1
245 18 2
245 5 2
245 119 2
245 5 2
245 131 2
245 118 2
245 82 2
245 5 2
245 18 2
245 5 2
245 131 2
246 5 1
246 5 2
246 64 2
247 22 1
247 14 2
247 18 2
247 23 2
247 23 2
247 22 2
247 5 2
247 14 2
247 23 2
247 23 2
247 22 2
248 14 2
248 13 2
248 14 2
248 9 2
248 9 2
248 14 2
248 15 2
248 14 2
248 13 2
248 17 2
248 9 2
248 14 2
248 17 2
248 17 2
248 14 2
248 13 2
248 17 2
248 14 2
248 13 2
248 14 2
248 13 2
248 14 2
248 13 2
248 17 2
248 14 2
248 14 2
248 15 2
248 13 2
248 17 2
248 17 2
248 131 1
248 131 1
248 131 1
248 14 2
248 13 2
248 14 2
249 5 1
249 5 1
249 5 1
249 131 1
249 131 1
249 5 2
249 9 2
249 5 2
249 9 2
249 15 2
249 17 2
249 17 2
249 9 2
249 9 2
249 5 2
249 17 2
249 5 2
250 5 1
250 5 2
250 131 2
250 5 2
250 5 2
250 118 2
250 125 2
250 119 2
250 130 2
250 5 2
250 119 2
250 130 2
250 119 2
250 5 2
250 118 2
250 5 2
250 125 2
250 119 2
250 118 2
250 130 2
250 118 2
251 5 1
251 5 2
251 82 2
251 130 2
251 127 2
251 130 2
251 16 2
252 133 2
253 5 1
253 5 1
253 5 1
253 5 1
253 18 2
253 5 2
253 119 2
253 5 2
253 119 2
253 5 2
253 131 2
253 129 2
253 118 2
253 119 2
253 129 2
253 130 2
253 5 2
253 5 2
253 5 2
253 119 2
253 130 2
253 5 2
253 5 2
253 5 2
253 130 2
253 119 2
253 130 2
253 130 2
254 5 1
254 5 2
254 119 2
254 119 2
255 5 1
255 5 1
255 126 1
255 118 2
255 5 2
255 119 2
255 119 2
255 5 2
255 119 2
255 119 2
255 5 2
255 119 2
255 119 2
174 5 1
174 5 1
174 126 1
174 119 2
174 119 2
174 5 2
174 125 2
174 119 2
174 130 2
174 119 2
174 130 2
174 5 2
174 119 2
256 5 1
256 14 1
256 119 2
256 282 2
256 14 2
256 119 2
256 14 2
256 119 2
256 5 2
256 119 2
257 127 2
257 127 2
257 131 2
257 129 2
257 129 2
258 5 1
258 118 2
258 5 2
258 5 2
258 119 2
258 130 2
259 5 1
259 5 1
259 120 1
259 120 1
259 5 2
259 120 2
259 120 2
259 120 2
259 5 2
259 120 2
259 5 2
260 5 1
260 5 1
260 5 2
260 129 2
260 130 2
260 129 2
260 119 2
260 5 2
260 129 2
260 130 2
260 129 2
260 119 2
260 5 2
260 119 2
260 5 2
260 129 2
260 131 2
260 129 2
260 5 2
260 129 2
260 130 2
260 119 2
260 121 2
260 129 2
260 129 2
260 118 2
260 131 2
260 5 2
260 129 2
260 118 2
260 129 2
260 129 2
260 131 2
260 129 2
260 5 2
260 118 2
260 129 2
261 5 1
261 118 2
261 118 2
261 5 2
261 129 2
261 119 2
261 129 2
261 5 2
261 129 2
261 119 2
261 129 2
261 5 2
261 129 2
261 119 2
261 129 2
261 5 2
261 129 2
261 119 2
261 129 2
261 5 2
261 129 2
261 119 2
261 129 2
261 5 2
261 129 2
261 119 2
261 129 2
261 131 1
261 131 1
261 129 2
261 119 2
261 129 2
262 13 1
262 5 1
262 26 1
262 26 1
262 13 1
262 26 2
262 5 2
262 26 2
262 26 2
263 5 1
263 5 2
263 81 2
264 5 1
264 5 2
264 131 2
264 129 2
264 129 2
264 5 2
264 130 2
264 119 2
264 5 2
264 131 2
264 118 2
264 129 2
264 129 2
265 5 1
265 5 1
265 5 2
265 5 2
265 5 2
265 119 2
265 130 2
265 130 2
266 5 1
266 37 1
266 5 1
266 5 1
266 5 2
266 5 2
266 130 2
266 119 2
266 130 2
266 5 2
266 125 2
266 119 2
266 130 2
266 5 2
266 131 2
266 129 2
266 129 2
266 131 2
266 5 2
266 118 2
266 129 2
266 118 2
266 129 2
266 131 2
266 5 2
266 118 2
266 129 2
266 118 2
266 129 2
266 5 2
266 5 2
266 130 2
266 119 2
266 130 2
266 5 2
266 125 2
266 119 2
266 130 2
266 5 2
266 131 2
266 129 2
266 129 2
266 131 2
266 5 2
266 118 2
266 129 2
266 118 2
266 129 2
266 5 2
266 5 2
266 125 2
266 119 2
266 130 2
266 130 2
266 5 2
266 5 2
266 5 2
266 125 2
266 119 2
266 130 2
266 130 2
266 5 2
266 119 2
266 5 2
266 119 2
266 130 2
266 5 2
266 119 2
266 130 2
266 5 2
266 119 2
266 125 2
266 130 2
266 5 2
266 37 2
266 37 2
266 5 2
266 37 2
266 37 2
267 38 1
267 118 1
267 5 1
267 37 1
267 118 1
267 5 1
267 5 1
267 118 2
267 120 1
267 120 1
267 120 2
267 129 2
267 129 2
267 5 2
267 146 1
267 120 2
267 129 2
267 129 2
267 5 2
267 38 2
267 129 2
267 5 2
267 129 2
267 37 2
267 118 2
267 129 2
267 5 2
267 129 2
267 130 2
267 130 2
267 119 2
267 118 2
267 129 2
267 5 2
267 129 2
267 130 2
267 118 2
267 130 2
267 119 2
268 214 1
268 5 1
268 214 1
268 5 1
268 5 2
268 129 2
268 5 2
268 129 2
268 5 2
268 130 2
268 119 2
268 130 2
268 120 1
268 118 2
268 120 1
268 214 1
268 214 1
268 129 2
268 5 2
268 130 2
268 119 2
268 125 2
268 130 2
269 5 1
269 5 1
269 131 1
269 131 1
269 131 1
269 118 2
269 5 2
269 119 2
269 5 2
269 119 2
269 131 1
269 131 1
269 5 2
269 119 2
269 125 2
269 130 2
171 38 1
171 5 1
171 37 1
171 5 1
171 5 1
171 5 2
171 5 2
171 130 2
171 130 2
171 119 2
171 5 2
171 130 2
171 130 2
171 119 2
171 5 2
171 131 2
171 129 2
171 129 2
171 5 2
171 17 2
171 13 2
171 5 2
171 9 2
171 5 2
171 9 2
171 5 2
171 119 2
171 5 2
171 119 2
171 130 2
171 125 2
171 130 2
171 5 2
171 119 2
171 130 2
171 5 2
171 119 2
171 130 2
171 5 2
171 119 2
171 130 2
171 5 2
171 119 2
171 130 2
171 38 2
171 5 2
171 37 2
270 5 1
270 5 2
270 97 2
270 5 2
270 97 2
270 5 2
270 97 2
270 5 2
270 97 2
271 5 1
271 5 1
271 5 2
271 5 2
271 130 2
271 130 2
271 119 2
272 5 1
272 5 1
272 5 2
272 274 2
272 119 2
272 5 2
272 119 2
272 5 2
272 119 2
272 5 2
272 119 2
273 5 1
273 5 1
273 5 2
273 5 2
273 274 2
273 119 2
275 5 1
275 5 2
276 5 1
276 14 1
276 14 2
276 119 2
276 14 2
276 119 2
276 14 2
276 119 2
276 14 2
276 119 2
276 5 2
276 14 2
276 125 2
276 130 2
276 130 2
276 119 2
276 130 2
276 14 2
276 125 2
276 130 2
276 130 2
276 14 2
276 119 2
276 130 2
276 14 2
276 125 2
276 130 2
276 130 2
276 119 2
276 130 2
276 14 2
276 5 2
276 130 2
276 130 2
276 119 2
276 130 2
276 14 2
276 119 2
276 14 2
276 119 2
276 14 2
276 119 2
276 14 2
276 119 2
276 14 2
276 130 2
276 119 2
276 14 2
276 130 2
276 119 2
276 125 2
276 130 2
276 14 2
276 119 2
276 14 2
276 119 2
276 14 2
276 119 2
276 14 2
276 130 2
276 119 2
276 14 2
276 125 2
276 118 2
276 14 2
276 130 2
276 119 2
276 130 2
276 14 2
276 14 2
276 130 2
276 119 2
276 14 2
276 119 2
276 14 2
276 119 2
276 14 2
276 14 2
276 119 2
276 14 2
276 119 2
276 14 2
276 14 2
276 130 2
276 119 2
276 14 2
276 119 2
276 14 2
276 14 2
276 130 2
276 119 2
277 5 1
277 5 1
277 5 1
277 5 2
277 119 2
277 130 2
277 5 2
277 5 2
277 125 2
277 119 2
277 130 2
277 125 2
277 5 2
277 5 2
277 119 2
277 125 2
277 130 2
277 130 2
277 5 2
277 119 2
277 130 2
278 5 1
278 5 1
278 5 1
278 5 2
278 119 2
278 130 2
278 5 2
278 5 2
278 119 2
278 130 2
279 5 1
279 81 2
279 5 2
280 5 1
280 5 1
280 5 2
280 5 2
280 5 2
280 81 2
280 5 2
280 130 2
280 119 2
280 130 2
280 5 2
280 9 2
280 17 2
280 5 2
280 119 2
280 130 2
280 130 2
281 5 1
281 5 1
281 5 1
281 5 1
281 5 2
281 5 2
281 125 2
281 130 2
281 130 2
281 119 2
281 130 2
281 5 2
281 125 2
281 130 2
281 130 2
281 119 2
281 130 2
281 5 2
281 130 2
281 130 2
281 119 2
281 5 2
281 125 2
281 130 2
281 130 2
281 119 2
281 130 2
281 5 2
281 5 2
281 125 2
281 130 2
281 130 2
281 119 2
281 130 2
281 5 2
281 119 2
281 119 2
281 5 2
281 125 2
281 5 2
281 130 2
281 130 2
281 119 2
281 130 2
281 5 2
281 9 2
281 17 2
281 5 2
281 119 2
285 5 1
285 5 2
285 5 2
285 5 2
285 125 2
285 119 2
285 130 2
286 118 2
286 5 2
286 125 2
286 119 2
286 130 2
288 5 1
288 5 2
288 131 2
288 118 2
288 129 2
288 129 2
288 5 2
288 119 2
288 125 2
288 130 2
