317 388 2
317 389 2
317 315 2
317 367 2
317 212 2
1 74 2
318 316 2
318 310 2
2 196 2
318 310 2
318 212 2
318 325 2
318 310 2
318 212 2
318 307 2
318 212 2
2 196 2
2 196 2
2 80 2
2 41 2
2 84 2
2 33 2
319 272 2
319 308 2
319 308 2
319 308 2
319 308 2
319 308 2
2 84 2
2 33 2
2 83 2
2 212 2
319 291 2
319 318 2
2 212 2
2 43 2
2 83 2
2 212 2
320 318 2
2 42 2
2 212 2
321 221 2
4 210 2
4 74 2
4 194 2
4 224 2
4 72 2
4 221 2
321 221 2
321 208 2
321 306 2
321 221 2
4 74 2
4 212 2
4 74 2
321 352 2
321 354 2
321 354 2
321 354 2
321 354 2
321 304 2
321 304 2
321 304 2
321 354 2
321 304 2
321 221 2
4 280 2
4 221 2
4 74 2
4 74 2
4 221 2
4 74 2
4 74 2
321 305 2
321 196 2
321 305 2
321 305 2
5 73 2
5 211 2
5 211 2
5 73 2
5 221 2
5 211 2
5 280 2
5 211 2
5 84 2
5 221 2
4 77 2
4 302 2
4 333 2
4 221 2
4 302 2
5 84 2
6 77 2
6 77 2
6 77 2
6 224 2
6 197 2
6 36 2
6 221 2
10 225 2
10 196 2
10 204 2
10 80 2
10 196 2
10 416 2
10 196 2
10 321 2
10 196 2
10 321 2
10 204 2
10 303 2
10 303 2
10 280 2
6 77 2
6 77 2
6 212 2
6 77 2
6 221 2
10 204 2
10 225 2
10 196 2
10 196 2
10 416 2
10 80 2
10 303 2
10 303 2
10 204 2
10 303 2
10 80 2
10 280 2
6 77 2
6 221 2
6 77 2
10 416 2
10 204 2
10 80 2
10 80 2
7 78 2
7 221 2
13 321 2
13 84 2
13 321 2
13 84 2
9 40 2
9 202 2
9 40 2
9 79 2
9 221 2
9 40 2
9 40 2
9 79 2
9 201 2
9 45 2
9 201 2
9 87 2
9 201 2
9 202 2
13 205 2
13 84 2
13 321 2
13 83 2
15 225 1
9 40 2
9 202 2
9 40 2
9 79 2
9 221 2
9 40 2
9 221 2
9 40 2
9 201 2
9 45 2
9 201 2
9 201 2
9 87 2
9 79 2
9 87 2
9 45 2
9 202 2
15 225 2
15 225 2
15 416 2
15 360 2
15 360 2
15 360 2
15 321 2
15 360 2
15 360 2
15 360 2
15 87 2
15 280 2
15 321 2
15 87 2
322 335 2
9 79 2
9 221 2
9 79 2
322 335 2
322 335 2
9 79 2
322 335 2
322 335 2
10 212 2
10 78 2
10 196 2
10 80 2
10 221 2
10 88 2
10 88 2
10 41 2
10 37 2
10 37 2
10 37 2
10 80 2
10 37 2
10 212 2
322 335 2
322 205 2
322 335 2
322 205 2
10 212 2
10 78 2
10 196 2
10 80 2
10 221 2
10 88 2
10 88 2
10 88 2
10 41 2
10 41 2
10 37 2
10 41 2
10 37 2
10 37 2
10 41 2
10 37 2
10 212 2
10 80 2
10 212 2
322 195 2
322 335 2
322 335 2
322 335 2
10 212 2
10 42 2
10 78 2
10 42 2
10 42 2
10 84 2
10 80 2
10 80 2
10 88 2
10 88 2
10 41 2
10 37 2
10 37 2
10 37 2
10 37 2
10 212 2
10 212 2
322 335 2
10 221 2
10 80 2
322 335 2
10 80 2
10 221 2
322 335 2
10 80 2
10 221 2
322 335 2
11 81 2
322 335 2
322 335 2
12 82 2
12 221 2
322 335 2
12 38 2
12 38 2
12 223 2
12 38 2
12 199 2
12 38 2
12 199 2
12 38 2
12 38 2
12 82 2
322 335 2
12 199 2
12 223 2
12 38 2
12 38 2
12 52 2
12 221 2
12 82 2
12 91 2
322 335 2
12 82 2
12 52 2
12 91 2
322 335 2
322 335 2
12 82 2
12 221 2
322 197 2
322 335 2
12 84 2
322 335 2
12 84 2
322 335 2
322 335 2
13 42 2
13 84 2
13 205 2
13 224 2
13 84 2
13 221 2
322 335 2
13 84 2
13 84 2
322 335 2
13 84 2
13 221 2
13 84 2
13 221 2
322 335 2
13 84 2
13 221 2
322 335 2
13 221 2
13 84 2
13 84 2
322 335 2
14 84 2
14 83 2
14 212 2
14 221 2
14 33 2
322 335 2
15 87 2
15 221 2
322 335 2
15 87 2
15 221 2
15 87 2
15 221 2
322 335 2
15 87 2
15 221 2
15 87 2
15 221 2
322 335 2
15 42 2
15 84 2
15 87 2
15 84 2
15 52 2
15 221 2
15 91 2
322 335 2
322 335 2
15 196 2
15 84 2
15 87 2
15 82 2
15 52 2
15 221 2
15 91 2
322 335 2
15 45 2
15 45 2
15 87 2
15 45 2
15 52 2
15 91 2
322 335 2
322 335 2
322 335 2
16 85 2
322 335 2
16 85 2
16 85 2
322 335 2
16 221 2
16 46 2
16 209 2
322 335 2
322 335 2
322 335 2
18 2 2
18 33 2
18 84 2
18 2 2
18 83 2
18 33 2
18 84 2
18 2 2
18 83 2
18 33 2
18 84 2
18 2 2
18 83 2
18 33 2
18 83 2
18 84 2
18 2 2
18 33 2
18 84 2
18 2 2
18 83 2
18 83 2
18 33 2
18 212 2
18 42 2
18 42 2
18 42 2
18 43 2
18 212 2
324 333 2
324 272 2
20 194 2
20 194 2
20 194 2
20 210 2
20 212 2
20 194 2
324 291 2
324 268 2
20 194 2
20 210 2
20 212 2
20 194 2
324 268 2
20 194 2
20 194 2
20 221 2
20 210 2
20 212 2
20 221 2
20 194 2
20 194 2
20 196 2
20 194 2
20 196 2
20 194 2
325 178 1
325 178 2
21 196 2
21 56 2
21 195 2
21 195 2
21 195 2
21 195 2
21 212 2
21 212 2
21 212 2
21 212 2
21 195 2
325 178 2
325 178 2
325 178 2
325 178 2
325 178 2
325 178 2
325 178 2
22 4 2
22 74 2
22 4 2
22 74 2
22 4 2
22 74 2
325 178 2
22 4 2
325 178 2
22 72 2
22 74 2
22 4 2
325 178 2
325 178 2
22 194 2
22 194 2
22 196 2
22 194 2
22 196 2
22 194 2
325 178 2
325 178 2
325 178 2
325 178 2
325 178 2
325 178 2
325 178 2
325 178 2
325 178 2
325 178 2
23 74 2
23 194 2
23 72 2
325 178 2
325 178 2
325 178 2
325 178 2
325 178 2
23 194 2
23 194 2
23 194 2
23 194 2
325 178 2
325 178 2
24 202 2
24 9 2
24 79 2
24 79 2
24 201 2
24 87 2
24 45 2
24 202 2
326 356 2
326 325 2
326 351 2
326 351 2
326 351 2
326 351 2
326 356 2
24 87 2
24 9 2
24 9 2
24 201 2
24 45 2
24 201 2
24 45 2
24 208 2
24 202 2
24 40 2
24 202 2
24 40 2
24 79 2
24 40 2
24 87 2
24 79 2
24 87 2
326 356 2
326 356 2
326 356 2
326 356 2
326 356 2
326 356 2
326 356 2
326 356 2
326 356 2
326 356 2
326 370 2
326 356 2
326 73 2
326 73 2
326 370 2
326 211 2
326 379 2
326 379 2
326 353 2
326 356 2
326 353 2
326 356 2
326 356 2
326 87 2
326 356 2
326 356 2
326 356 2
326 87 2
326 87 2
326 356 2
24 79 2
24 9 2
24 202 2
326 416 2
326 357 2
326 395 2
326 418 2
326 357 2
326 418 2
24 79 2
24 9 2
24 202 2
326 325 2
327 326 1
327 326 2
327 326 1
327 325 2
327 326 1
24 9 2
24 79 2
327 326 1
327 325 2
327 325 2
327 356 2
327 200 2
327 200 2
24 202 2
24 39 2
24 202 2
24 39 2
24 202 2
24 39 2
24 39 2
24 202 2
24 39 2
24 39 2
24 202 2
24 202 2
24 39 2
24 39 2
24 39 2
24 39 2
24 39 2
24 39 2
328 326 1
24 40 2
24 40 2
24 40 2
24 40 2
24 40 2
24 40 2
328 326 2
328 326 1
328 325 2
328 326 1
328 326 1
328 325 2
329 326 1
329 326 2
329 326 1
25 204 2
25 196 2
25 205 2
25 205 2
25 194 2
25 203 2
25 197 2
25 41 2
25 41 2
25 212 2
25 212 2
25 64 2
25 204 2
25 204 2
329 325 2
329 326 1
329 326 1
329 325 2
330 326 1
330 326 2
330 326 1
330 325 2
330 326 1
330 325 2
330 326 1
25 204 2
25 196 2
25 205 2
25 205 2
25 194 2
25 203 2
25 203 2
25 197 2
25 41 2
25 41 2
25 212 2
25 212 2
25 64 2
25 212 2
25 212 2
25 204 2
25 204 2
331 204 2
331 203 2
331 203 2
331 203 2
331 221 2
331 204 2
331 204 2
331 204 2
331 204 2
331 204 2
25 204 2
25 196 2
25 205 2
25 205 2
25 194 2
25 203 2
25 197 2
25 203 2
25 41 2
25 41 2
25 212 2
25 212 2
25 64 2
25 204 2
25 204 2
331 204 2
331 280 2
331 204 2
331 204 2
331 204 2
331 204 2
331 204 2
331 204 2
332 418 2
332 415 2
332 395 2
332 357 2
332 418 2
332 415 2
332 395 2
332 357 2
26 208 2
26 208 2
26 208 2
26 208 2
26 205 2
26 194 2
26 197 2
26 208 2
26 208 2
332 415 2
332 395 2
332 357 2
332 415 2
332 395 2
332 357 2
332 415 2
332 395 2
332 357 2
332 415 2
332 211 2
332 357 2
332 395 2
332 415 2
332 357 2
332 395 2
26 84 2
26 15 2
333 325 2
333 272 2
333 322 1
333 322 1
333 268 2
333 322 2
333 268 2
334 325 2
334 325 2
33 178 1
33 178 2
335 334 2
33 178 2
33 178 2
33 178 2
33 178 2
33 178 2
33 178 2
33 178 2
33 178 2
33 178 2
33 178 2
33 178 2
33 178 2
335 291 2
335 291 2
335 268 2
335 290 2
335 291 2
335 290 2
335 290 2
34 33 2
34 189 1
34 33 2
34 189 1
335 291 2
335 291 2
335 268 2
335 290 2
335 291 2
335 290 2
335 290 2
335 290 2
335 324 2
335 268 2
335 290 2
35 212 2
35 212 1
335 264 2
36 212 2
36 212 1
36 212 2
337 204 2
337 203 2
337 203 2
337 204 2
337 280 2
337 204 2
337 204 2
337 204 2
337 204 2
337 204 2
338 221 2
37 212 2
37 212 1
338 203 2
338 204 2
338 203 2
338 204 2
338 204 2
338 203 2
338 204 2
338 203 2
338 204 2
338 204 2
338 204 2
338 204 2
338 204 2
338 203 2
338 204 2
338 203 2
338 204 2
338 204 2
4 74 2
4 74 2
4 74 2
4 219 2
4 74 2
4 333 2
4 220 2
4 220 2
4 358 2
4 358 2
4 358 2
4 210 2
4 358 2
4 210 2
4 358 2
4 210 2
4 418 2
4 210 2
4 358 2
4 210 2
4 415 2
4 357 2
4 74 2
4 224 2
4 395 2
4 225 2
41 212 2
41 212 1
4 210 2
4 210 2
4 224 2
4 210 2
4 210 2
4 210 2
4 210 2
4 74 2
4 225 2
4 74 2
4 219 2
4 74 2
4 333 2
4 220 2
4 220 2
6 225 1
42 212 2
42 212 1
6 225 2
6 415 2
6 77 2
6 196 2
6 196 2
6 357 2
6 224 2
6 197 2
6 197 2
6 225 2
6 77 2
7 78 2
7 225 2
7 225 2
44 212 2
44 212 1
342 318 2
342 212 2
342 415 2
342 212 2
342 357 2
342 310 2
342 310 2
342 318 2
342 212 2
342 212 2
343 333 2
344 392 2
344 392 2
344 392 2
344 392 2
45 212 2
45 212 1
345 79 2
345 79 2
345 79 2
345 79 2
10 225 1
10 225 2
10 362 2
10 362 2
10 80 2
10 362 2
10 362 2
46 212 2
46 212 1
10 225 2
10 415 2
10 204 2
10 196 2
10 80 2
10 196 2
10 196 2
10 357 2
10 196 2
10 204 2
10 225 2
10 415 2
10 196 2
10 357 2
10 80 2
10 415 2
10 80 2
10 357 2
10 80 2
10 196 2
48 212 2
48 212 1
10 225 2
10 361 2
10 361 2
10 361 2
10 80 2
10 225 2
10 361 2
10 80 2
10 361 2
10 361 2
49 33 2
10 204 2
10 280 2
12 82 2
12 82 2
12 332 2
12 332 2
12 87 2
12 82 2
12 325 2
12 383 2
12 383 2
12 383 2
12 383 2
12 383 2
12 82 2
12 383 2
12 383 2
12 360 2
12 360 2
12 360 2
12 208 2
50 200 2
12 82 2
12 82 2
50 272 2
50 61 2
50 47 2
13 225 1
50 290 2
50 291 2
50 290 2
13 73 2
13 84 2
13 84 2
13 84 2
50 61 2
50 212 2
13 225 2
13 415 2
13 291 2
13 357 2
13 205 2
13 205 2
13 205 2
13 394 2
13 359 2
13 84 2
13 359 2
13 418 2
13 395 2
13 225 2
50 38 2
50 38 2
50 38 2
50 38 2
50 38 2
50 38 2
50 212 2
13 84 2
50 200 2
50 200 2
13 212 2
13 210 2
13 73 2
13 211 2
13 211 2
13 211 2
13 415 2
13 74 2
13 211 2
13 211 2
13 211 2
13 357 2
13 212 2
13 224 2
13 212 2
13 280 2
13 225 2
50 200 2
50 200 2
13 84 2
50 291 2
50 223 2
50 38 2
50 38 2
50 38 2
50 38 2
50 38 2
50 212 2
13 84 2
50 33 2
14 83 2
14 83 2
346 325 2
51 272 2
51 47 2
51 290 2
51 291 2
51 291 2
51 290 2
347 415 2
347 395 2
347 378 2
347 357 2
347 418 2
347 415 2
347 395 2
347 378 2
347 357 2
51 291 2
51 47 2
51 69 2
51 47 2
51 291 2
347 415 2
347 378 2
347 357 2
347 395 2
347 375 2
347 375 2
347 395 2
347 375 2
347 375 2
347 418 2
347 418 2
347 341 2
347 415 2
347 357 2
347 418 2
347 395 2
347 225 2
347 341 2
347 415 2
347 395 2
347 418 2
347 357 2
347 225 2
347 369 2
347 369 2
347 395 2
347 418 2
347 341 2
347 415 2
347 357 2
347 418 2
347 395 2
347 225 2
54 272 2
54 290 2
54 291 2
54 290 2
347 418 2
347 341 2
347 415 2
347 395 2
347 357 2
347 225 2
347 416 2
54 47 2
54 69 2
15 225 1
54 69 2
54 47 2
54 53 2
54 291 2
15 225 2
15 325 2
15 383 2
15 383 2
15 383 2
15 383 2
15 383 2
15 383 2
15 383 2
15 360 2
15 360 2
15 360 2
15 360 2
15 360 2
15 208 2
15 87 2
54 291 2
15 225 2
15 325 2
15 383 2
15 383 2
15 383 2
15 383 2
15 383 2
15 383 2
15 383 2
15 360 2
15 360 2
15 360 2
15 360 2
15 360 2
15 208 2
15 87 2
15 87 2
15 225 2
15 225 2
15 87 2
15 225 2
15 225 2
15 87 2
15 383 2
15 208 2
15 87 2
15 383 2
15 383 2
15 383 2
15 87 2
15 383 2
15 383 2
15 383 2
15 208 2
15 208 2
16 85 2
348 225 1
348 225 2
348 212 2
348 415 2
348 357 2
348 71 2
348 221 2
348 48 2
348 212 2
348 225 2
348 48 2
349 414 2
350 415 2
350 413 2
350 416 2
350 416 2
72 210 2
72 73 2
72 74 2
72 212 2
72 77 2
72 84 2
73 56 2
73 56 2
73 56 2
73 56 2
73 56 2
73 280 2
73 56 2
73 211 2
73 212 2
73 211 2
73 211 2
73 211 2
73 212 2
73 212 2
73 75 2
73 212 2
73 212 2
73 212 2
73 212 2
73 211 2
73 212 2
73 211 2
73 211 2
73 75 2
73 221 2
73 212 2
73 56 2
73 212 2
73 211 2
73 211 2
73 75 2
73 212 2
73 42 2
73 77 2
73 42 2
73 42 2
73 84 2
73 36 2
73 212 2
74 57 2
74 212 2
74 212 2
74 75 2
360 280 2
74 57 2
74 57 2
74 210 2
74 212 2
74 212 2
74 212 2
74 75 2
74 210 2
74 221 2
74 212 2
74 212 2
74 57 2
74 75 2
75 58 2
75 58 2
75 35 2
75 35 2
75 212 2
75 35 2
361 374 2
76 48 2
76 48 2
76 179 1
76 48 2
362 280 2
77 59 2
77 59 2
77 59 2
77 212 2
77 36 2
77 36 2
77 84 2
77 212 2
77 212 2
77 36 2
77 36 2
77 212 2
77 75 2
77 212 2
77 212 2
77 84 2
77 36 2
77 36 2
77 75 2
77 221 2
77 36 2
77 212 2
77 36 2
77 212 2
77 59 2
77 75 2
77 212 2
77 36 2
77 212 2
77 36 2
77 212 2
77 75 2
77 59 2
77 212 2
78 212 2
78 60 2
78 60 2
79 63 2
79 39 2
79 62 2
79 62 2
79 62 2
48 212 2
48 212 1
79 62 2
79 62 2
79 40 2
79 40 2
79 40 2
79 40 2
79 40 2
79 40 2
79 40 2
79 40 2
79 40 2
79 40 2
79 62 2
80 212 2
80 212 2
80 75 2
80 64 2
80 64 2
80 84 2
80 212 2
80 84 2
80 212 2
80 64 2
80 64 2
80 84 2
80 212 2
80 64 2
80 212 2
80 41 2
80 41 2
80 41 2
80 41 2
80 41 2
80 212 2
80 212 2
80 75 2
80 221 2
80 212 2
80 212 2
80 41 2
80 41 2
80 75 2
80 280 2
80 33 2
80 280 2
374 280 2
80 33 2
80 33 2
81 42 2
81 42 2
81 42 2
81 212 2
81 196 2
81 80 2
81 80 2
81 203 2
81 221 2
81 203 2
81 88 2
81 203 2
81 88 2
81 88 2
81 88 2
81 88 2
81 41 2
81 41 2
81 41 2
81 41 2
81 80 2
81 41 2
81 204 2
81 41 2
81 41 2
81 80 2
81 212 2
81 212 2
81 75 2
81 212 2
81 78 2
81 37 2
81 37 2
81 37 2
81 37 2
81 212 2
82 77 2
82 77 2
82 84 2
82 36 2
82 36 2
82 84 2
82 61 2
82 61 2
82 223 2
82 85 2
82 38 2
82 38 2
82 212 2
82 87 2
82 212 2
82 61 2
82 212 2
82 38 2
82 38 2
82 38 2
82 38 2
82 38 2
82 38 2
82 38 2
82 38 2
82 38 2
82 38 2
82 38 2
82 38 2
82 212 2
82 212 2
82 38 2
82 38 2
82 85 2
82 38 2
82 38 2
82 38 2
82 38 2
82 77 2
82 77 2
82 87 2
82 212 2
82 212 2
82 75 2
82 212 2
82 226 2
82 36 2
82 36 2
82 212 2
82 36 2
82 212 2
82 36 2
82 212 2
82 42 2
82 42 2
82 42 2
82 212 2
83 65 2
83 65 2
84 66 2
84 73 2
84 87 2
84 211 2
384 291 2
384 383 2
384 383 2
384 356 2
384 412 2
384 325 2
84 73 2
84 66 2
384 85 2
384 383 2
384 383 2
384 383 2
384 383 2
384 383 2
384 383 2
384 85 2
384 383 2
384 383 2
384 383 1
84 73 2
84 66 2
84 211 2
384 326 2
84 66 2
84 66 2
84 42 2
84 77 2
385 322 1
385 322 1
385 381 2
385 291 2
385 333 2
385 194 2
385 221 2
385 322 2
84 42 2
84 42 2
84 42 2
385 291 2
385 382 2
385 333 2
385 195 2
385 322 2
385 221 2
84 42 2
84 77 2
84 42 2
84 42 2
84 36 2
84 36 2
84 66 2
84 212 2
84 42 2
84 42 2
84 212 2
84 42 2
84 79 2
84 78 2
84 87 2
84 80 2
84 85 2
84 82 2
84 83 2
84 212 2
84 75 2
84 42 2
84 42 2
84 42 2
84 212 2
84 212 2
84 212 2
84 75 2
84 42 2
84 42 2
84 42 2
84 66 2
84 221 2
84 212 2
84 212 2
84 75 2
84 212 2
84 73 2
84 42 2
84 42 2
84 42 2
84 212 2
84 212 2
84 211 2
84 75 2
84 77 2
84 36 2
84 41 2
84 41 2
84 80 2
84 45 2
84 212 2
84 87 2
84 212 2
84 80 2
85 68 2
85 68 2
73 56 2
73 56 2
85 68 2
73 56 2
73 211 2
73 212 2
73 211 2
73 415 2
73 211 2
73 211 2
73 357 2
73 212 2
85 212 2
85 46 2
85 46 2
85 46 2
85 46 2
85 46 2
85 46 2
85 46 2
85 46 2
85 212 2
85 212 2
85 212 2
85 212 2
85 75 2
73 56 2
73 56 2
73 394 2
73 211 2
73 211 2
73 211 2
85 68 2
74 322 1
86 69 2
86 47 2
86 291 2
86 69 2
74 57 2
74 57 2
74 57 2
74 322 2
74 222 2
74 221 2
74 322 2
74 212 2
74 415 2
74 357 2
74 212 2
74 212 2
74 415 2
74 210 2
74 210 2
74 73 2
74 416 2
74 57 2
74 291 2
74 357 2
74 394 2
74 210 2
74 357 2
74 212 2
87 70 2
87 70 2
74 77 2
74 371 2
87 42 2
87 42 2
87 42 2
87 70 2
77 322 1
87 70 2
77 322 2
77 322 2
77 197 2
77 291 2
77 197 2
77 322 2
87 70 2
77 322 2
77 415 2
77 357 2
77 322 2
87 42 2
87 42 2
87 196 2
87 81 2
87 212 2
78 322 1
78 322 2
87 84 2
87 84 2
392 212 2
392 415 2
392 416 2
392 357 2
392 364 2
392 357 2
392 364 2
392 364 2
392 387 2
392 212 2
87 83 2
87 212 2
87 212 2
392 387 2
392 387 2
392 387 2
87 45 2
87 212 2
392 364 2
392 387 2
392 364 2
392 364 2
392 415 2
392 364 2
392 357 2
87 45 2
87 212 2
79 322 1
79 322 2
79 322 2
87 42 2
87 42 2
87 42 2
87 85 2
87 212 2
79 322 2
79 322 2
87 42 2
87 42 2
87 42 2
87 85 2
87 82 2
87 38 2
87 223 2
87 212 2
80 322 1
80 322 1
80 196 2
80 291 2
80 362 2
80 362 2
80 362 2
80 203 2
80 336 2
80 362 2
80 362 2
80 415 2
80 362 2
80 362 2
80 357 2
80 322 2
87 80 2
87 212 2
87 41 2
87 41 2
87 280 2
80 322 2
87 45 2
80 322 2
80 322 2
80 291 2
80 205 2
80 204 2
87 212 2
87 42 2
87 42 2
87 42 2
87 45 2
87 45 2
87 212 2
87 45 2
87 83 2
87 90 2
87 45 2
87 212 2
87 45 2
87 212 2
87 45 2
87 212 2
87 45 2
87 75 2
80 204 2
80 322 2
87 212 2
87 45 2
87 85 2
87 45 2
87 45 2
87 45 2
87 45 2
87 212 2
80 322 2
80 322 2
87 84 2
87 84 2
87 45 2
87 212 2
80 322 2
80 415 2
80 196 2
80 291 2
80 357 2
80 374 2
80 374 2
80 322 2
80 374 2
80 372 2
80 374 2
80 372 2
87 45 2
80 372 2
80 374 2
80 372 2
87 70 2
80 322 2
80 205 2
80 374 2
80 374 2
80 374 2
80 374 2
80 204 2
80 203 2
80 203 2
80 221 2
80 322 2
80 374 2
80 374 2
80 204 2
80 204 2
80 374 2
80 204 2
80 204 2
80 374 2
88 41 2
88 280 2
88 41 2
88 41 2
88 280 2
88 212 2
80 204 2
80 221 2
80 204 2
80 280 2
90 226 2
90 42 2
90 42 2
90 42 2
82 322 1
82 322 2
82 415 2
82 291 2
82 357 2
82 322 2
17 50 1
82 322 2
82 415 2
82 196 2
82 196 2
82 291 2
82 357 2
95 33 2
95 33 2
95 33 2
82 415 2
82 322 2
82 291 2
82 357 2
95 33 2
95 33 2
82 87 2
82 291 2
82 415 2
82 203 2
82 196 2
82 354 2
82 331 2
82 205 2
82 357 2
82 354 2
82 84 2
82 80 2
50 61 2
50 61 2
50 33 2
82 322 2
82 205 2
82 84 2
50 38 2
50 212 2
50 38 2
50 38 2
50 38 2
50 38 2
50 38 2
50 38 2
83 322 1
83 322 2
83 325 2
83 196 2
83 373 2
83 322 2
83 373 2
96 51 2
96 51 2
84 322 1
97 54 2
97 54 2
97 47 2
97 47 2
97 69 2
84 415 2
84 196 2
84 196 2
84 196 2
84 291 2
84 357 2
84 205 2
84 205 2
84 205 2
84 322 2
84 280 2
84 415 2
84 73 2
84 357 2
84 82 2
84 205 2
84 322 2
84 211 2
84 322 2
97 47 2
97 47 2
84 205 2
84 322 2
98 42 2
98 42 2
98 42 2
98 211 2
98 211 2
98 211 2
84 322 2
98 48 2
98 48 2
98 48 2
84 322 2
98 212 2
98 45 2
98 45 2
98 45 2
98 45 2
98 45 2
84 79 2
84 322 2
99 211 2
99 56 2
84 322 2
99 56 2
100 210 2
100 210 2
100 210 2
100 210 2
84 325 2
84 333 2
84 322 2
84 208 2
84 354 2
84 354 2
84 205 2
84 205 2
84 205 2
84 354 2
84 352 2
84 87 2
84 80 2
100 210 2
100 210 2
100 210 2
100 212 2
100 210 2
101 212 2
101 210 2
101 84 2
101 42 2
101 77 2
101 210 2
101 210 2
101 210 2
101 210 2
101 72 2
101 36 2
101 75 2
101 212 2
101 212 2
84 73 2
84 73 2
84 354 2
84 211 2
84 205 2
84 205 2
84 354 2
84 354 2
84 354 2
84 211 2
84 211 2
84 354 2
84 211 2
101 212 2
101 210 2
101 210 2
101 210 2
101 210 2
101 72 2
101 212 2
101 212 2
84 204 2
84 352 2
84 352 2
84 221 2
84 352 2
84 352 2
84 352 2
84 204 2
84 352 2
84 352 2
84 352 2
84 352 2
84 204 2
84 204 2
84 280 2
102 210 2
102 212 2
102 210 2
102 210 2
102 72 2
102 210 2
102 210 2
102 212 2
102 212 2
393 179 1
393 48 2
393 48 2
103 76 2
103 98 2
85 322 1
103 76 2
103 179 2
85 87 2
85 322 2
85 209 2
103 76 2
103 179 2
103 76 2
103 179 2
103 76 2
103 179 2
85 87 2
85 209 2
85 322 2
104 212 2
104 210 2
104 210 2
104 210 2
104 210 2
104 72 2
104 77 2
104 212 2
104 212 2
85 87 2
85 209 2
85 322 2
105 79 2
105 39 2
105 79 2
105 39 2
105 79 2
105 79 2
85 221 2
85 209 2
105 79 2
105 79 2
105 40 2
105 40 2
105 40 2
105 79 2
85 356 2
85 356 2
85 196 2
85 356 2
85 356 2
85 356 2
85 196 2
85 356 2
85 356 2
85 356 2
85 209 2
85 356 2
85 209 2
85 356 2
85 209 2
85 209 2
85 209 2
85 209 2
85 209 2
85 209 2
85 209 2
85 417 2
85 356 2
85 356 2
85 208 2
85 208 2
85 208 2
85 356 2
85 356 2
85 356 2
105 79 2
87 322 1
87 415 2
87 322 2
87 360 2
87 360 2
87 360 2
87 291 2
87 357 2
87 360 2
87 360 2
87 360 2
87 360 2
87 360 2
87 280 2
105 39 2
105 79 2
105 79 2
87 322 2
105 39 2
105 79 2
105 79 2
87 208 2
87 355 2
87 355 2
87 208 2
87 322 2
105 79 2
87 322 2
105 79 2
105 40 2
105 40 2
87 322 2
87 322 2
105 39 2
105 39 2
105 39 2
105 39 2
87 415 2
87 322 2
87 357 2
105 40 2
105 40 2
105 40 2
105 40 2
105 40 2
87 322 2
87 208 2
87 379 2
106 42 2
106 82 2
106 46 2
106 38 2
106 46 2
106 38 2
106 38 2
106 82 2
106 46 2
106 85 2
106 82 2
106 46 2
394 415 2
394 210 2
394 210 2
394 357 2
394 418 2
394 395 2
394 418 2
394 395 2
106 46 2
106 38 2
106 46 2
106 38 2
106 38 2
106 38 2
106 82 2
106 85 2
106 82 2
394 418 2
394 395 2
394 418 2
106 82 2
106 82 2
394 395 2
394 395 2
394 418 2
106 82 2
106 38 2
106 38 2
106 38 2
106 82 2
106 82 2
106 46 2
106 38 2
106 82 2
106 38 2
106 82 2
106 82 2
106 85 2
106 82 2
394 212 2
394 365 2
394 415 2
394 365 2
394 357 2
394 212 2
394 212 2
394 415 2
394 366 2
394 357 2
394 212 2
106 38 2
106 38 2
106 38 2
106 38 2
106 38 2
106 38 2
394 418 2
394 395 2
394 395 2
394 212 2
107 84 2
107 77 2
107 66 2
107 212 2
107 80 2
107 84 2
107 77 2
107 66 2
107 80 2
107 212 2
107 87 2
395 366 2
107 84 2
107 77 2
107 66 2
107 80 2
107 212 2
107 87 2
395 391 2
395 212 2
107 36 2
107 36 2
107 36 2
107 42 2
107 212 2
107 42 2
107 42 2
107 41 2
107 41 2
107 41 2
395 212 2
395 212 2
395 212 2
395 391 2
395 212 2
107 45 2
395 391 2
395 212 2
395 390 2
395 388 2
395 389 2
395 367 2
395 391 2
395 212 2
108 78 2
108 42 2
108 212 2
108 87 2
108 42 2
108 73 2
108 42 2
108 84 2
108 80 2
108 77 2
108 85 2
395 325 2
395 365 2
395 388 2
395 365 2
395 365 2
395 365 2
395 388 2
109 73 2
109 84 2
109 73 2
109 98 2
109 98 2
109 84 2
109 66 2
396 325 2
396 325 2
396 325 2
396 325 2
110 46 2
110 45 2
110 87 2
110 87 2
110 212 2
110 46 2
110 85 2
110 46 2
110 38 2
110 38 2
110 38 2
110 87 2
110 46 2
110 46 2
110 46 2
110 46 2
110 45 2
110 82 2
110 87 2
110 212 2
110 85 2
110 38 2
110 38 2
110 38 2
110 87 2
110 46 2
110 46 2
110 46 2
110 46 2
110 45 2
110 82 2
110 87 2
110 212 2
110 85 2
110 38 2
110 38 2
110 38 2
110 87 2
110 46 2
110 46 2
110 46 2
110 46 2
110 45 2
110 82 2
110 87 2
110 212 2
110 85 2
34 189 1
34 325 2
34 189 1
34 325 2
110 38 2
110 38 2
110 38 2
110 87 2
110 46 2
110 46 2
110 46 2
110 46 2
110 45 2
110 82 2
110 87 2
110 212 2
110 85 2
399 291 2
399 351 2
399 351 2
399 351 2
399 351 2
399 325 2
399 325 2
399 325 2
399 325 2
110 38 2
110 38 2
110 38 2
110 87 2
110 46 2
110 46 2
110 46 2
110 46 2
110 45 2
110 82 2
110 87 2
110 212 2
110 85 2
400 291 2
400 325 2
110 46 2
110 46 2
110 46 2
110 46 2
110 45 2
110 87 2
110 87 2
110 212 2
110 85 2
400 291 2
400 325 2
400 399 2
110 42 2
110 212 2
110 42 2
110 42 2
401 325 2
401 325 2
111 45 2
111 45 2
111 212 2
111 45 2
111 45 2
111 87 2
403 357 2
111 87 2
111 70 2
111 45 2
111 87 2
111 70 2
111 212 2
111 70 2
111 45 2
111 45 2
111 45 2
111 45 2
111 87 2
111 212 2
111 98 2
111 87 2
111 70 2
111 87 2
404 325 2
404 325 2
404 325 2
111 87 2
111 70 2
404 325 2
112 98 2
404 357 2
404 357 2
404 357 2
112 90 2
404 325 2
405 415 2
405 291 2
405 291 2
405 357 2
406 325 2
406 325 2
117 291 2
117 291 2
117 125 2
117 125 2
117 145 2
410 357 2
117 145 2
411 357 2
411 357 2
411 357 2
118 116 2
118 116 2
118 117 2
122 291 2
122 291 2
122 291 2
122 291 2
122 291 2
122 291 2
122 291 2
122 291 2
122 291 2
122 114 2
122 291 2
420 311 2
420 320 2
420 311 2
420 320 2
122 291 2
122 156 2
122 114 2
122 291 2
421 317 2
122 156 2
122 114 2
122 291 2
122 291 2
422 325 2
422 318 2
422 316 2
422 310 2
422 318 2
422 318 2
122 114 2
422 318 2
422 318 2
122 149 2
122 149 2
122 149 2
422 318 2
422 307 2
422 310 2
422 310 2
422 318 2
422 212 2
122 290 2
122 291 2
122 291 2
122 115 2
122 290 2
422 318 2
422 310 2
423 319 2
423 319 2
423 308 2
423 319 2
423 308 2
423 308 2
123 126 2
123 291 2
123 150 2
123 126 2
424 318 2
424 320 2
123 291 2
424 320 2
424 320 2
424 320 2
424 320 2
124 291 2
124 150 2
124 291 2
124 136 2
425 337 2
425 204 2
425 203 2
425 203 2
425 203 2
425 204 2
425 337 2
425 204 2
425 204 2
425 204 2
425 203 2
425 203 2
425 203 2
426 338 2
426 338 2
426 203 2
426 338 2
426 204 2
426 203 2
426 203 2
426 338 2
426 203 2
426 203 2
426 338 2
426 203 2
426 338 2
426 203 2
426 338 2
426 203 2
426 203 2
426 203 2
127 272 2
426 338 2
426 203 2
426 203 2
426 203 2
426 338 2
426 204 2
426 203 2
426 338 2
426 203 2
426 203 2
426 203 2
127 149 2
127 149 2
426 338 2
426 203 2
426 203 2
426 203 2
127 291 2
127 291 2
127 150 2
127 290 2
127 291 2
127 290 2
127 290 2
127 149 2
127 154 2
127 149 2
426 204 2
127 149 2
127 149 2
127 149 2
427 178 2
127 264 2
427 178 2
127 291 2
427 178 2
427 178 2
128 126 2
128 291 2
128 150 2
128 126 2
428 415 2
428 342 2
428 357 2
428 318 2
128 291 2
128 122 2
128 141 2
128 141 2
128 122 2
128 141 2
128 141 2
128 141 2
128 122 2
128 141 2
128 141 2
128 274 2
128 291 2
429 335 2
429 324 2
429 335 2
429 324 2
429 335 2
429 324 2
429 324 2
429 335 2
129 143 2
129 144 2
429 324 2
429 335 2
429 335 2
429 324 2
429 264 2
129 143 2
129 144 2
430 73 2
430 73 2
430 73 2
430 73 2
430 73 2
430 211 2
430 211 2
430 211 2
430 73 2
430 73 2
430 211 2
430 73 2
430 211 2
430 211 2
430 211 2
430 211 2
430 73 2
430 73 2
430 211 2
430 211 2
430 73 2
430 211 2
430 211 2
430 211 2
430 211 2
131 291 2
131 124 2
158 322 1
158 322 1
158 322 1
131 124 2
131 274 2
131 149 2
158 203 2
158 362 2
158 80 2
158 362 2
158 362 2
158 362 2
158 415 2
158 362 2
158 362 2
158 362 2
158 322 2
158 357 2
158 338 2
131 126 2
131 126 2
131 124 2
131 291 2
131 124 1
131 150 2
131 290 2
131 291 2
131 290 2
131 290 2
158 204 2
158 322 2
158 80 2
158 203 2
158 372 2
158 203 2
158 203 2
158 415 2
158 322 2
158 357 2
158 204 2
158 204 2
158 204 2
131 291 2
131 150 2
131 126 2
131 291 2
158 204 2
158 322 2
158 80 2
158 372 2
158 203 2
158 372 2
158 203 2
158 203 2
158 415 2
158 322 2
158 357 2
158 374 2
158 374 2
158 204 2
158 204 2
158 374 2
158 204 2
158 374 2
131 291 2
131 150 2
131 290 2
131 291 2
131 290 2
131 290 2
131 290 2
131 291 2
131 291 2
131 290 2
131 290 2
131 150 2
131 149 2
131 149 2
158 205 2
158 205 2
158 205 2
158 205 2
158 374 2
158 374 2
158 374 2
158 374 2
133 291 2
133 277 2
133 150 2
133 123 1
431 392 2
431 364 2
431 364 2
431 364 2
431 392 2
431 392 2
431 392 2
431 392 2
431 392 2
431 392 2
431 392 2
431 392 2
431 392 2
134 272 2
431 392 2
431 212 2
431 364 2
431 392 2
134 149 2
431 212 2
431 364 2
431 364 2
431 212 2
134 149 2
134 291 2
134 150 2
134 149 2
134 149 2
109 322 1
134 291 2
134 152 2
134 150 2
134 291 2
134 154 2
134 290 2
134 290 2
134 270 2
134 290 2
134 264 2
134 270 2
109 73 2
109 322 2
109 73 2
109 208 2
109 354 2
109 205 2
109 354 2
109 205 2
109 354 2
109 205 2
109 205 2
109 205 2
109 205 2
109 205 2
109 352 2
109 211 2
109 84 2
109 87 2
109 204 2
109 80 2
134 291 2
134 135 2
134 263 2
134 263 2
134 263 2
109 73 2
109 84 2
109 73 2
109 79 2
109 84 2
109 73 2
109 79 2
109 82 2
109 84 2
134 149 2
109 73 2
109 73 2
109 79 2
109 322 2
109 82 2
109 84 2
109 73 2
109 73 2
109 79 2
109 84 2
109 322 2
109 415 2
109 82 2
134 263 2
134 263 2
109 211 2
109 211 2
109 211 2
134 127 2
109 205 2
109 205 2
109 205 2
109 357 2
135 291 2
135 124 2
135 149 2
432 395 2
432 418 2
432 394 2
432 395 2
432 415 2
432 394 2
432 418 2
432 395 2
432 418 2
432 394 2
432 395 2
432 418 2
135 149 2
135 149 2
432 395 2
432 415 2
432 418 2
432 394 2
432 395 2
432 418 2
135 124 2
135 291 2
135 291 2
135 124 1
135 124 2
135 290 2
135 291 2
135 262 2
135 262 2
135 290 2
432 395 2
432 415 2
432 418 2
432 394 2
432 395 2
432 418 2
432 210 2
432 210 2
432 210 2
432 212 2
432 210 2
432 210 2
135 262 2
432 366 2
135 291 2
135 150 2
135 291 2
135 149 2
135 149 2
135 154 2
135 149 2
135 290 2
135 121 2
135 290 2
135 290 2
135 264 2
135 149 2
135 149 2
432 357 2
432 418 2
432 365 2
432 365 2
433 395 2
433 365 2
433 365 2
433 212 2
433 395 2
135 149 2
135 262 2
433 365 2
433 365 2
433 395 2
135 134 2
135 124 2
433 395 2
135 127 2
433 389 2
433 366 2
433 395 2
433 212 2
433 395 2
137 126 2
137 291 2
137 150 2
137 126 2
433 368 2
433 212 2
433 391 2
433 212 2
433 395 2
137 122 2
137 291 2
137 122 2
137 122 2
433 395 2
137 141 2
433 368 2
433 212 2
433 391 2
433 212 2
433 395 2
433 391 2
433 395 2
433 395 2
433 395 2
433 395 2
433 212 2
433 366 2
433 212 2
433 212 2
433 365 2
433 365 2
433 212 2
434 74 2
434 4 2
434 358 2
434 358 2
434 358 2
434 358 2
434 358 2
435 325 2
435 325 2
435 325 2
435 325 2
435 404 2
435 404 2
435 404 2
435 404 2
435 404 2
435 404 1
435 404 1
435 404 2
435 404 2
435 404 2
435 404 2
435 404 2
435 404 1
435 404 1
435 404 2
146 149 2
147 145 2
435 404 1
435 404 1
435 404 2
435 404 2
435 404 1
435 404 2
435 404 1
435 404 1
435 357 2
435 404 2
435 404 2
435 404 2
435 357 2
435 357 2
435 404 1
435 404 2
435 404 2
435 404 2
435 404 1
149 267 2
149 268 2
151 156 2
151 156 2
154 152 2
154 152 2
154 152 2
154 149 2
154 149 2
157 274 2
157 117 2
157 264 2
157 264 2
157 264 2
157 149 1
157 149 1
157 149 1
157 149 1
157 149 1
157 149 1
157 149 1
157 149 1
157 274 2
157 149 1
157 149 1
157 149 1
158 117 2
158 117 2
158 114 2
158 117 2
158 114 2
158 117 2
158 117 2
158 114 2
158 117 2
158 116 2
158 116 2
158 117 2
158 149 1
159 274 2
159 157 1
159 157 1
159 114 2
159 157 2
159 117 2
159 157 2
159 114 2
159 117 2
159 114 2
159 157 2
159 117 2
159 114 2
159 157 2
159 117 2
159 157 2
159 157 2
159 114 2
159 117 2
159 114 2
159 157 2
159 117 2
159 114 2
159 157 2
159 114 2
159 157 2
159 157 2
159 262 2
159 117 2
159 142 2
159 141 2
159 141 2
159 142 2
159 142 2
159 114 2
159 157 2
159 114 2
159 262 2
159 262 2
159 117 2
159 114 2
159 157 2
159 114 2
159 262 2
159 262 2
159 117 2
159 117 2
159 157 2
159 262 2
159 262 2
159 114 2
159 114 2
159 117 2
159 117 2
159 262 2
160 114 2
160 129 2
160 129 2
160 116 2
160 129 2
160 116 2
160 129 2
161 274 2
161 128 2
161 126 2
161 122 2
161 126 2
161 122 2
161 126 2
161 128 2
161 122 2
161 126 2
161 122 2
161 126 2
161 122 2
161 126 2
161 122 2
161 126 2
161 122 2
161 126 2
161 122 2
161 126 2
161 122 2
161 126 2
161 122 2
161 126 2
161 122 2
161 126 2
161 122 2
161 126 2
161 122 2
161 126 2
161 128 2
161 122 2
161 126 2
161 126 2
161 126 2
161 122 2
161 126 2
161 122 2
161 126 2
161 122 2
161 142 2
161 142 2
161 142 2
161 126 2
161 128 2
161 141 2
161 141 2
161 141 2
161 114 2
161 114 2
161 149 1
161 149 1
161 149 1
162 132 2
162 123 2
162 132 2
162 130 2
162 126 2
162 132 2
162 132 2
162 126 2
162 132 2
162 132 2
162 126 2
162 132 2
162 123 2
162 126 2
162 132 2
162 132 2
162 123 2
162 126 2
163 126 2
163 131 2
163 131 2
163 131 2
163 131 2
163 131 2
163 131 2
163 131 2
163 131 2
163 131 2
163 131 2
163 124 2
163 131 2
163 149 1
163 149 1
164 123 2
164 133 2
164 133 2
164 133 2
164 126 2
164 133 2
164 133 2
164 126 2
164 133 2
164 133 2
164 126 2
164 133 2
164 126 2
164 133 2
164 133 2
164 133 2
164 126 2
164 133 2
165 134 2
165 134 2
165 152 2
165 134 2
165 263 2
165 134 2
165 134 2
165 263 2
165 134 2
165 152 2
165 134 2
165 263 2
165 134 2
165 134 2
165 134 2
165 149 1
165 149 1
165 149 1
165 149 1
165 149 1
165 127 1
165 264 2
165 127 1
166 134 2
166 135 2
166 134 2
166 135 2
166 134 2
166 135 2
166 124 2
166 134 2
166 124 2
166 263 2
166 134 2
166 135 2
166 262 2
166 262 2
166 149 1
166 149 1
166 149 1
166 149 1
166 149 1
166 149 1
166 149 1
166 127 1
166 264 2
166 127 1
166 154 1
166 154 1
167 137 2
167 126 2
167 114 2
167 126 2
167 122 2
167 142 2
167 142 2
167 137 2
167 142 2
167 126 2
167 141 2
167 141 2
167 141 2
168 132 2
168 123 2
168 132 2
168 126 2
168 138 2
168 132 2
168 132 2
168 126 2
168 132 2
168 132 2
168 126 2
168 132 2
168 123 2
168 126 2
168 132 2
168 132 2
168 123 2
168 126 2
169 147 2
169 147 2
169 147 2
169 147 2
170 114 2
170 146 2
170 131 2
170 146 2
170 116 2
170 146 2
170 131 2
170 149 1
170 149 1
171 148 2
171 148 2
171 148 2
172 150 2
172 150 2
172 150 2
172 150 2
175 290 2
175 291 2
175 290 2
178 179 2
178 291 2
178 272 2
178 291 2
178 291 2
178 291 2
178 291 2
186 214 2
186 291 2
189 291 2
191 280 2
192 193 2
192 193 2
192 291 2
193 267 2
193 267 2
210 212 2
210 212 1
211 212 2
211 212 1
215 214 2
217 214 2
218 214 2
218 214 2
224 280 2
225 280 2
226 276 2
226 273 2
226 273 2
226 273 2
226 273 2
227 224 2
227 224 2
229 50 1
229 50 1
229 54 2
230 74 2
231 50 1
231 50 1
231 291 2
231 239 2
231 262 2
231 45 2
231 73 2
231 73 2
231 211 2
231 87 2
231 87 2
231 50 2
231 45 2
231 45 2
231 238 2
231 45 2
231 45 2
231 45 2
232 50 1
232 50 1
232 291 2
232 239 2
232 50 2
232 240 2
232 231 2
232 262 2
232 277 2
232 47 2
233 239 2
233 47 2
233 89 2
233 240 2
233 236 2
233 47 2
233 47 2
233 291 2
233 291 2
234 272 2
234 291 2
234 239 2
234 240 2
234 236 2
234 263 2
234 263 2
234 89 2
234 47 2
234 47 2
234 291 2
234 33 2
234 33 2
234 47 2
234 47 2
234 291 2
235 272 2
235 290 2
235 291 2
235 290 2
235 290 2
235 291 2
235 290 2
235 56 2
235 212 2
235 212 2
235 211 2
235 211 2
235 212 2
235 212 2
235 211 2
235 211 2
235 211 2
235 211 2
235 211 2
235 211 2
235 33 2
235 33 2
235 33 2
235 33 2
236 272 2
236 47 2
236 47 2
236 47 2
236 291 2
236 290 2
236 291 2
236 290 2
236 47 2
236 47 2
236 47 2
236 69 2
236 33 2
236 33 2
238 272 2
238 79 2
238 79 2
238 40 2
238 40 2
238 40 2
238 40 2
238 40 2
238 40 2
238 40 2
238 40 2
238 40 2
238 79 2
238 40 2
238 39 2
238 39 2
238 39 2
238 39 2
238 39 2
238 39 2
238 39 2
238 39 2
238 39 2
238 79 2
238 79 2
238 291 2
240 235 2
240 211 2
240 211 2
240 235 2
242 243 2
242 264 2
242 264 2
242 264 2
242 243 2
242 264 2
242 264 2
242 264 2
242 243 2
242 264 2
242 264 2
242 264 2
243 291 2
243 291 2
243 291 2
244 50 1
244 50 1
244 45 2
244 50 2
244 45 2
244 45 2
244 239 2
244 231 2
244 45 2
244 45 2
244 262 2
244 262 2
244 262 2
244 262 2
244 87 2
244 231 2
244 50 2
244 262 2
244 262 2
244 262 2
244 262 2
244 45 2
244 45 2
244 45 2
244 45 2
244 45 2
244 87 2
244 87 2
244 231 2
244 45 2
244 239 2
244 262 2
244 262 2
244 262 2
244 262 2
244 87 2
244 73 2
244 231 2
244 239 2
244 262 2
244 262 2
244 262 2
244 262 2
244 45 2
244 87 2
244 231 2
244 87 2
244 231 2
244 45 2
244 87 2
244 231 2
244 45 2
244 45 2
244 262 2
244 262 2
244 262 2
244 262 2
244 87 2
244 231 2
244 45 2
244 45 2
244 262 2
244 262 2
244 262 2
244 262 2
244 87 2
244 73 2
244 231 2
244 239 2
244 262 2
244 262 2
244 262 2
244 262 2
244 262 2
244 45 2
244 87 2
244 73 2
244 231 2
244 262 2
244 262 2
244 262 2
244 262 2
244 262 2
244 45 2
244 45 2
244 45 2
244 45 2
244 87 2
244 73 2
244 73 2
244 231 2
244 239 2
244 262 2
244 262 2
244 262 2
244 262 2
244 262 2
244 45 2
244 87 2
244 73 2
244 231 2
244 262 2
244 262 2
244 262 2
244 262 2
244 262 2
244 45 2
244 87 2
244 73 2
244 231 2
244 262 2
244 262 2
244 262 2
244 262 2
244 262 2
244 45 2
244 45 2
244 45 2
244 45 2
244 45 2
244 87 2
244 231 2
244 45 2
244 231 2
244 45 2
244 231 2
244 73 2
244 231 2
244 262 2
244 262 2
244 262 2
244 262 2
244 262 2
244 45 2
244 87 2
244 211 2
244 211 2
244 211 2
245 50 1
245 50 1
245 239 2
245 50 2
245 231 2
245 232 2
245 240 2
245 262 2
245 232 2
245 231 2
245 240 2
245 262 2
245 232 2
245 231 2
245 50 2
245 262 2
245 232 2
245 47 2
245 232 2
246 239 2
246 233 2
246 240 2
246 239 2
246 233 2
246 240 2
246 239 2
246 233 2
246 240 2
246 47 2
246 47 2
246 233 2
246 240 2
246 236 2
246 233 2
246 263 2
246 263 2
246 47 2
246 233 2
246 240 2
247 33 2
247 33 2
247 239 2
247 240 2
247 234 2
247 239 2
247 240 2
247 234 2
247 239 2
247 240 2
247 234 2
247 240 2
247 236 2
247 234 2
247 47 2
247 47 2
247 234 2
247 240 2
247 234 2
247 263 2
247 263 2
247 47 2
247 234 2
247 240 2
247 234 2
247 33 2
247 33 2
247 47 2
247 263 2
247 263 2
248 212 2
248 42 2
248 42 2
248 42 2
248 45 2
248 45 2
248 45 2
248 90 2
248 45 2
248 45 2
248 212 2
248 45 2
248 212 2
248 45 2
249 262 2
249 262 2
249 248 2
249 262 2
249 248 2
249 262 2
249 248 2
249 262 2
249 262 2
249 248 2
249 262 2
249 262 2
249 248 2
249 262 2
249 262 2
249 248 2
249 248 2
249 248 2
249 248 2
249 262 2
249 262 2
249 248 2
249 262 2
249 262 2
249 262 2
249 262 2
249 262 2
249 248 2
249 262 2
249 262 2
249 262 2
249 262 2
249 262 2
249 248 2
249 262 2
249 262 2
249 262 2
249 262 2
249 262 2
249 248 2
249 262 2
249 262 2
249 262 2
249 262 2
249 262 2
249 248 2
249 248 2
249 262 2
249 262 2
249 248 2
249 262 2
249 262 2
249 262 2
249 262 2
249 262 2
249 248 2
249 248 2
249 262 2
249 262 2
249 262 2
249 262 2
249 262 2
249 248 2
250 248 2
250 248 2
250 248 2
250 248 2
250 248 2
250 248 2
250 248 2
250 248 2
250 248 2
250 248 2
250 42 2
250 42 2
250 42 2
250 248 2
251 248 2
251 263 2
251 263 2
251 248 2
251 248 2
251 263 2
251 263 2
251 248 2
251 248 2
251 263 2
251 263 2
251 248 2
251 263 2
251 248 2
251 263 2
251 263 2
251 248 2
251 263 2
251 248 2
251 263 2
251 263 2
251 248 2
251 248 2
251 263 2
251 263 2
251 248 2
251 248 2
251 263 2
251 263 2
251 248 2
251 263 2
251 248 2
251 263 2
252 248 2
252 263 2
252 263 2
252 248 2
252 248 2
252 263 2
252 263 2
252 248 2
252 248 2
252 263 2
252 263 2
252 248 2
252 248 2
252 263 2
252 263 2
252 248 2
252 263 2
252 248 2
252 263 2
252 248 2
252 263 2
252 263 2
252 248 2
252 248 2
252 263 2
252 263 2
252 248 2
252 248 2
252 263 2
252 263 2
252 248 2
252 248 2
252 263 2
252 263 2
252 248 2
252 263 2
252 248 2
252 263 2
252 263 2
252 263 2
252 248 2
252 263 2
252 263 2
253 33 2
253 33 2
253 33 2
253 33 2
253 212 2
253 56 2
253 211 2
253 211 2
253 211 2
253 235 2
253 235 2
253 235 2
253 212 2
253 212 2
253 211 2
253 212 2
253 211 2
253 212 2
253 211 2
254 33 2
254 33 2
254 236 2
254 236 2
254 69 2
254 236 2
254 236 2
254 47 2
254 47 2
254 236 2
254 69 2
254 236 2
254 236 2
254 47 2
254 47 2
254 236 2
254 69 2
254 236 2
254 236 2
254 47 2
254 47 2
254 236 2
254 69 2
254 236 2
254 236 2
254 236 2
254 47 2
254 47 2
254 236 2
254 69 2
254 236 2
254 47 2
255 238 1
255 238 2
255 238 1
255 39 2
255 238 2
255 79 2
256 239 2
256 239 2
256 239 2
256 239 2
256 239 2
257 235 2
257 235 2
257 211 2
257 211 2
257 240 2
257 240 2
257 240 2
257 240 2
257 240 2
257 240 2
257 240 2
265 280 2
266 267 2
267 280 2
278 274 2
284 286 2
284 274 2
291 289 2
291 279 2
291 288 2
291 288 2
291 288 2
291 288 2
291 289 2
291 288 2
292 268 2
293 279 2
293 279 2
293 279 2
293 279 2
293 279 2
294 289 2
296 289 2
297 288 2
298 295 2
298 291 2
298 291 2
298 291 2
298 291 2
298 291 2
298 291 2
298 291 2
298 291 2
298 291 2
298 288 2
298 291 2
298 288 2
299 114 2
299 117 2
299 117 2
299 117 2
299 142 2
299 141 2
299 141 2
299 141 2
299 141 2
299 142 2
299 142 2
299 114 2
299 116 2
299 116 2
299 116 2
300 114 2
300 117 2
300 142 2
300 141 2
300 141 2
300 141 2
300 141 2
300 142 2
300 142 2
300 114 2
301 418 2
301 317 2
301 320 2
301 418 2
301 317 2
301 320 2
307 212 2
307 212 1
309 212 2
309 212 1
310 212 2
310 212 1
311 320 2
311 319 2
311 320 2
