0 26 1
0 150 1
0 228 1
0 228 1
0 492 1
0 343 2
0 360 2
0 117 1
0 117 1
0 117 1
0 343 2
0 343 2
0 117 1
0 117 2
0 343 2
0 343 2
0 26 2
0 26 2
0 117 1
0 150 2
0 360 2
0 492 2
0 113 1
1 359 1
1 343 2
1 360 2
2 360 1
2 241 2
2 267 2
2 343 2
2 343 2
2 26 2
3 26 1
3 343 2
3 26 2
4 226 1
4 226 1
4 228 1
4 226 1
4 344 1
4 435 1
4 228 1
4 228 1
4 226 1
4 344 1
4 226 1
4 228 1
4 226 1
4 359 1
4 343 2
4 343 2
4 435 2
4 26 2
4 26 2
4 359 1
4 343 2
4 359 1
4 26 2
4 359 1
4 359 1
4 359 1
4 359 1
4 359 1
4 241 2
4 343 2
4 226 2
4 359 1
4 147 2
5 359 1
5 359 1
5 127 1
5 202 2
5 343 2
5 192 2
5 343 2
5 127 1
5 127 1
7 228 1
7 492 1
7 26 1
7 225 2
7 242 2
7 225 2
7 131 2
7 131 2
7 131 1
7 26 2
7 26 2
7 157 2
7 26 2
7 113 2
7 26 2
7 26 2
7 492 2
7 113 1
9 27 1
9 20 1
11 26 1
11 228 1
11 17 2
11 26 2
11 241 2
11 157 2
11 225 2
11 143 2
11 17 2
12 133 2
15 359 1
15 343 2
15 343 2
15 360 2
15 26 2
15 343 2
15 360 2
15 345 2
15 345 2
15 354 2
15 241 2
15 343 2
15 343 2
15 360 2
15 343 2
15 343 2
15 360 2
15 360 2
15 241 2
15 26 2
15 369 2
15 343 2
15 360 2
15 343 2
15 360 2
16 131 1
16 7 1
16 465 2
16 465 2
16 465 2
16 465 2
16 369 2
16 131 2
16 26 2
16 131 2
16 131 1
16 144 2
16 140 2
16 144 2
16 131 2
16 465 2
16 140 2
16 241 2
16 369 2
16 131 2
16 26 2
17 26 2
17 26 2
17 133 1
17 26 2
19 150 1
19 20 1
19 27 2
19 367 2
19 150 2
19 21 2
19 150 2
19 367 2
19 21 2
19 22 2
19 20 2
19 22 2
20 22 2
20 22 2
20 21 2
20 21 2
20 22 2
20 22 2
21 27 2
21 27 2
21 27 2
21 27 2
21 27 2
22 144 2
22 144 2
22 144 2
22 148 2
22 144 2
22 149 2
23 20 1
25 144 2
25 16 2
25 16 2
25 16 2
25 16 2
25 144 2
25 260 2
25 492 2
25 140 2
25 492 2
26 20 1
26 20 1
26 20 1
26 20 1
26 228 1
26 20 1
26 144 1
26 241 2
26 20 2
26 482 2
26 20 2
26 241 2
26 9 2
26 19 2
26 18 2
26 22 2
26 20 2
26 20 2
26 22 2
26 22 2
26 19 2
26 19 2
26 21 2
26 22 2
26 494 2
26 18 2
26 19 2
26 20 2
26 27 2
26 156 2
26 155 1
26 155 1
26 155 1
26 155 1
26 155 1
26 156 2
26 27 2
26 27 2
27 28 2
27 28 2
27 28 2
27 28 2
27 28 2
27 24 2
31 354 1
31 374 1
31 374 1
34 46 1
34 35 2
34 46 2
34 35 2
34 46 2
34 45 2
34 43 2
35 41 2
37 34 1
37 44 1
37 35 1
37 49 2
37 49 2
37 34 2
37 34 2
37 34 2
37 34 2
37 49 2
37 35 2
37 49 2
37 35 2
37 35 2
37 49 2
37 34 2
37 34 2
37 34 2
37 34 2
37 35 2
37 49 2
37 44 2
37 49 2
37 49 1
37 44 2
37 35 2
40 37 1
40 49 2
40 37 2
40 37 2
40 37 2
40 49 2
40 37 2
42 46 2
42 46 2
42 46 1
45 44 2
46 44 1
46 44 2
50 34 2
50 34 1
51 37 1
51 37 1
51 37 1
51 50 2
52 137 1
52 359 1
52 343 2
52 192 2
52 343 2
52 192 1
52 343 2
52 192 1
52 192 1
52 324 2
52 260 2
52 241 2
52 192 2
52 369 2
52 343 2
52 343 2
52 202 2
52 213 2
52 343 2
52 213 2
52 495 1
52 343 2
52 343 2
52 360 2
52 360 2
52 343 2
53 359 1
53 343 2
53 482 2
53 212 2
53 213 2
53 343 2
53 360 2
53 360 2
53 343 2
53 360 2
53 343 2
53 343 2
53 343 2
53 231 2
54 134 1
54 47 2
54 55 2
54 55 2
54 207 2
55 457 2
55 354 2
55 56 2
55 33 2
55 432 2
55 331 2
55 338 2
55 47 2
55 33 2
55 331 2
55 329 2
55 457 2
55 37 2
55 345 2
56 134 1
56 237 1
57 336 1
57 487 2
57 373 1
57 373 1
57 373 1
58 341 1
58 368 1
58 44 1
58 228 1
58 267 1
58 345 2
58 343 2
58 241 2
58 482 2
58 59 2
58 207 2
58 52 2
58 343 2
58 202 2
58 343 2
58 59 2
58 207 2
58 341 2
58 343 2
58 213 2
58 244 2
58 244 2
58 241 2
58 44 2
58 244 2
58 343 2
58 244 2
58 244 2
58 54 2
58 207 2
58 44 2
58 244 2
58 223 2
58 231 2
58 231 2
59 329 1
59 134 1
59 336 1
59 359 1
59 360 1
59 359 1
59 207 1
59 345 2
59 492 2
59 336 2
59 207 2
59 207 2
59 202 2
59 343 2
59 343 2
59 202 2
59 58 2
59 213 2
59 492 2
59 432 2
59 202 2
59 338 2
59 55 2
59 345 2
59 329 2
59 54 2
59 54 2
59 54 2
59 54 2
59 241 2
59 241 2
59 343 2
59 343 2
59 202 2
59 267 2
59 208 2
59 343 2
59 213 2
60 228 1
60 93 1
60 359 1
60 93 1
60 228 1
60 344 1
60 343 2
60 360 2
60 117 1
60 93 2
60 108 2
60 225 2
60 343 2
60 93 2
60 360 2
60 93 2
60 225 2
60 225 2
60 343 2
60 360 2
60 117 1
60 343 2
60 360 2
60 360 2
60 343 2
60 360 2
60 343 2
60 343 2
60 360 2
60 117 1
60 108 2
60 208 2
60 343 2
60 343 2
61 114 1
2 360 1
2 359 1
2 359 1
2 487 1
3 108 1
3 360 1
3 108 1
3 228 1
3 359 1
62 344 1
62 192 2
62 241 2
62 267 2
62 343 2
62 208 2
62 153 2
62 343 2
62 108 2
62 401 2
62 108 2
62 492 2
62 95 2
62 108 2
62 95 2
62 241 2
62 153 2
62 359 1
63 226 1
63 226 1
63 226 1
63 228 1
63 228 1
63 228 1
63 359 2
63 359 1
63 226 2
4 226 1
4 226 1
4 228 1
4 226 1
4 344 1
4 228 1
4 228 1
4 435 1
4 366 1
4 226 1
4 226 1
4 228 1
4 344 1
4 226 1
64 62 2
64 359 2
64 343 2
64 208 2
64 62 1
64 111 2
64 343 2
64 343 2
64 360 2
64 111 2
64 108 2
64 360 2
65 228 1
65 226 1
65 226 1
65 359 1
65 228 1
65 359 1
65 359 1
65 359 1
65 360 1
65 360 1
65 359 1
65 226 1
65 228 1
65 226 1
65 228 1
65 226 1
65 226 1
65 226 1
65 226 1
65 441 2
65 108 2
65 360 2
65 343 2
65 343 2
65 343 2
65 154 2
65 276 2
65 325 2
65 154 2
65 127 1
65 359 2
65 226 2
65 228 2
65 154 2
65 154 2
65 360 2
65 343 2
65 359 2
65 154 2
65 154 2
65 226 2
65 127 2
65 226 2
65 127 1
66 228 1
66 441 1
66 359 1
66 359 1
66 359 1
66 360 1
66 208 1
66 343 2
66 360 2
66 445 2
66 445 2
66 192 2
66 445 2
66 241 2
66 226 2
66 208 2
66 225 2
66 226 2
66 226 2
66 208 2
66 192 2
66 343 2
66 228 2
66 108 2
66 343 2
66 359 2
66 192 2
66 360 1
66 445 2
66 445 2
66 225 2
66 492 2
66 192 2
66 360 2
66 192 2
66 225 2
66 343 2
66 225 2
66 192 2
66 343 2
66 360 2
66 248 2
66 241 2
66 445 2
66 445 2
66 369 2
66 343 2
67 359 1
67 359 1
67 359 1
67 127 1
67 343 2
67 202 2
67 343 2
67 192 2
67 343 2
67 343 2
67 127 1
67 360 2
67 25 2
67 127 1
6 127 1
68 226 1
68 226 1
68 228 1
68 226 1
68 226 1
68 228 1
68 359 1
68 359 1
68 481 1
68 108 1
68 226 1
68 228 1
68 226 1
68 226 1
68 228 1
68 445 1
68 441 1
68 343 2
68 441 1
68 343 2
68 108 2
68 441 1
68 441 1
68 225 2
68 343 2
68 441 1
68 360 2
68 226 2
68 147 2
68 492 2
68 441 1
68 111 2
68 110 2
68 241 2
68 111 2
68 481 2
68 241 2
68 441 1
68 441 1
68 441 1
68 492 2
69 451 1
69 228 1
69 192 1
69 242 2
69 192 2
69 225 2
69 108 2
69 401 2
69 108 2
69 108 2
69 494 2
69 445 2
69 495 2
69 147 2
69 445 2
69 445 2
69 445 2
69 225 2
69 474 2
69 108 2
69 225 2
69 494 2
69 225 2
69 108 2
69 225 2
69 495 2
69 225 2
69 445 2
69 225 2
69 454 2
69 225 2
69 401 2
69 454 2
69 454 2
69 225 2
69 108 2
69 263 2
69 492 2
69 451 2
69 344 2
69 445 2
69 228 2
69 454 2
69 225 2
69 263 2
69 225 2
69 225 2
69 225 2
69 492 2
69 225 2
69 474 2
69 474 2
69 445 2
69 445 2
70 241 2
70 267 2
70 68 1
70 241 2
70 68 1
70 267 2
70 241 2
70 68 1
7 228 1
7 228 1
71 131 1
71 25 1
71 25 1
71 25 1
71 499 1
71 492 1
71 131 1
71 101 1
71 95 1
71 228 1
71 228 1
71 95 1
71 131 1
71 140 2
71 147 2
71 87 2
71 492 2
71 465 2
71 108 2
71 132 2
71 492 2
71 108 2
71 108 2
71 111 2
71 401 2
71 108 2
71 108 2
71 263 2
71 89 2
71 111 2
71 95 2
71 267 2
71 95 2
71 267 2
71 267 2
71 89 2
71 157 2
71 267 2
71 242 2
71 95 2
71 95 2
71 144 2
71 131 2
71 95 2
71 108 2
71 95 2
71 95 2
71 95 2
71 95 2
71 111 2
71 131 2
71 131 2
71 131 2
71 99 2
71 99 2
71 95 2
71 95 2
71 95 2
71 499 2
71 131 1
71 492 2
71 225 2
71 499 2
71 95 2
71 95 2
71 95 2
71 95 2
71 95 2
71 499 2
71 225 2
71 225 2
71 99 2
71 99 2
72 344 1
72 359 1
72 108 1
72 133 2
72 108 1
72 108 1
72 108 1
72 108 1
72 153 2
72 108 1
72 108 1
72 108 1
72 95 2
72 95 2
72 359 1
72 492 2
72 108 1
72 108 2
73 241 2
73 241 2
73 267 2
73 482 2
73 241 2
73 267 2
74 69 1
11 108 1
11 228 1
11 72 1
75 80 2
75 154 2
75 77 2
75 80 2
75 154 2
75 154 2
75 80 2
76 492 1
76 80 2
76 77 2
76 492 2
76 369 2
76 80 2
76 80 2
76 131 2
76 242 2
76 369 2
77 80 2
77 80 2
77 80 2
77 80 2
78 25 1
78 87 1
78 492 1
78 492 1
78 112 1
78 95 1
78 87 2
78 492 2
78 492 2
78 95 2
78 95 2
78 87 2
78 98 2
78 90 2
78 492 2
78 95 2
78 95 2
78 95 2
78 87 2
78 157 2
78 101 2
78 87 2
79 131 1
79 87 1
79 108 1
79 17 1
79 17 1
79 112 1
79 71 1
79 95 2
79 87 2
79 72 2
79 72 2
79 103 2
79 17 2
79 71 1
79 71 1
79 71 1
79 71 1
79 71 1
79 71 1
79 132 2
79 140 2
79 140 2
79 71 1
79 71 1
79 89 2
79 95 2
79 71 1
79 71 1
79 132 2
79 71 1
79 90 2
79 72 2
79 71 2
79 111 2
79 131 2
79 71 2
79 103 2
79 89 2
79 89 2
79 140 2
79 140 2
79 401 2
79 99 2
79 99 2
79 89 2
79 470 2
79 132 2
79 71 2
79 71 1
79 89 2
79 95 2
79 89 2
79 131 1
79 131 2
79 132 2
79 225 2
81 477 1
81 477 1
81 25 1
81 492 1
81 25 1
81 492 1
81 71 1
81 90 2
81 147 2
81 71 1
81 477 2
81 492 2
81 71 2
81 96 2
81 485 2
81 154 2
81 154 2
81 154 2
81 71 2
81 71 2
81 152 2
81 152 2
81 152 2
81 139 2
81 71 2
81 98 2
81 71 2
81 90 2
81 71 2
81 90 2
81 90 2
81 71 2
81 71 2
81 154 2
81 485 2
81 71 2
81 71 2
81 477 2
81 96 2
81 96 2
81 154 2
81 71 2
81 476 2
81 71 2
81 476 2
81 98 2
81 90 2
81 96 2
81 96 2
82 25 1
82 494 2
82 495 2
82 139 2
82 263 2
83 25 1
83 492 1
83 492 2
83 492 2
83 369 2
83 492 2
83 96 2
83 96 2
83 369 2
83 241 2
83 241 2
83 368 2
83 241 2
83 139 2
84 90 2
84 90 2
85 131 2
85 154 2
85 242 2
85 154 2
85 154 2
85 154 2
85 154 2
15 60 1
15 112 1
15 60 1
15 60 1
15 228 1
15 344 1
15 228 1
15 359 1
15 359 1
15 359 1
15 360 1
15 228 1
15 228 1
16 131 1
88 127 2
88 438 1
88 343 2
88 108 2
88 108 2
88 25 2
88 153 2
17 117 1
17 117 1
17 93 1
17 117 1
17 150 1
89 101 2
89 101 2
89 476 2
89 476 2
89 101 2
89 101 2
89 101 2
89 80 2
89 80 2
89 80 2
90 101 1
90 25 1
90 157 2
90 98 2
90 98 2
90 492 2
90 98 2
90 131 2
90 476 2
90 140 2
90 101 2
90 101 2
90 101 1
90 101 2
91 467 1
91 92 2
91 241 2
92 412 1
92 150 2
92 111 2
92 412 2
92 111 2
92 111 2
92 242 2
92 241 2
92 369 2
92 241 2
92 343 2
92 457 2
92 412 2
93 228 1
93 228 1
93 108 2
93 108 2
93 108 2
93 108 2
93 242 2
93 337 2
93 111 2
93 95 2
93 111 2
93 157 2
93 95 1
93 241 2
93 95 2
93 95 2
93 95 2
93 95 2
93 492 2
93 111 2
93 155 1
93 155 1
93 401 2
93 95 2
93 95 2
93 157 2
25 147 1
95 102 2
95 492 2
95 492 2
95 156 2
95 492 2
95 263 2
95 110 2
95 495 2
95 333 2
95 494 2
95 241 2
95 108 2
95 108 2
95 111 2
95 111 2
95 241 2
95 267 2
95 267 2
96 2 1
96 2 1
96 147 2
98 101 1
98 25 1
98 476 2
98 101 1
98 476 2
98 101 1
98 101 2
98 492 2
98 492 2
99 227 2
99 227 2
99 227 2
99 227 2
99 492 2
100 344 1
100 359 1
100 359 1
100 360 1
100 228 1
100 343 2
100 241 2
100 343 2
100 343 2
100 267 2
100 246 2
100 428 2
100 246 1
100 246 1
100 235 2
100 235 2
100 500 2
100 500 2
100 360 2
100 536 2
100 343 2
100 343 2
100 533 2
100 226 2
100 276 2
100 359 2
100 360 1
101 25 1
101 25 1
101 465 2
101 465 2
102 482 2
103 108 1
103 108 1
103 492 2
103 108 1
104 492 1
104 241 2
104 111 2
104 488 2
104 241 2
104 488 2
104 492 2
104 108 2
104 111 2
104 241 2
104 369 2
104 241 2
105 290 2
105 290 2
106 359 1
106 359 1
106 359 1
106 95 1
106 359 1
106 360 1
106 117 1
106 359 1
106 208 1
106 359 1
106 95 1
106 343 2
106 360 2
106 343 2
106 360 2
106 108 1
106 343 2
106 263 2
106 360 2
106 108 1
106 108 1
106 108 1
106 241 2
106 343 2
106 208 2
106 343 2
106 343 2
106 359 2
106 360 2
106 147 2
106 108 1
106 153 2
106 263 2
106 95 2
106 108 1
106 95 2
106 111 2
106 95 2
106 343 2
106 360 2
106 208 2
106 360 2
106 343 2
106 108 1
106 108 1
106 263 2
106 108 1
106 95 2
106 111 2
106 95 2
106 95 2
106 108 1
106 343 2
106 359 2
106 360 2
106 108 1
106 343 2
106 108 1
106 343 2
107 228 1
107 228 1
107 228 2
108 336 1
108 228 1
108 344 1
108 25 1
108 492 1
108 492 1
108 241 1
108 69 1
108 481 1
108 150 1
108 344 1
108 344 1
108 492 1
108 144 1
108 228 1
108 228 1
108 228 1
108 150 2
108 465 2
108 144 2
108 111 2
108 241 2
108 241 1
108 401 2
108 488 2
108 492 2
108 241 2
108 241 2
108 492 2
108 482 2
108 401 2
108 482 2
108 110 2
108 111 2
108 111 2
108 110 2
108 111 2
108 111 2
108 144 2
108 148 2
108 144 2
108 149 2
108 149 2
108 336 2
108 241 2
108 144 2
108 241 2
108 149 2
108 149 2
108 336 2
108 401 1
108 111 2
108 401 2
108 111 2
108 241 2
108 369 2
108 401 2
108 401 1
108 401 1
108 492 2
108 401 2
108 474 2
108 401 2
108 111 2
108 111 2
108 111 2
108 111 2
108 111 2
108 241 2
108 241 2
108 401 1
108 144 2
108 470 2
108 149 2
108 149 2
108 401 2
108 401 2
108 401 2
108 401 2
108 111 2
108 401 2
108 111 2
108 111 2
108 111 2
108 401 2
108 241 2
108 481 2
108 144 2
108 144 2
108 401 2
108 263 2
108 107 2
108 401 2
108 144 2
108 401 2
108 111 2
108 111 2
108 263 2
108 111 2
108 111 2
108 111 2
108 111 2
108 111 2
108 401 2
108 263 2
108 150 2
108 241 2
108 241 2
108 367 2
108 369 2
108 474 1
108 474 2
108 401 2
108 474 2
108 401 2
108 263 2
108 263 2
108 111 2
108 474 1
108 401 2
108 111 2
108 474 1
108 474 2
108 401 2
108 401 2
108 225 2
108 225 2
108 474 2
108 225 2
108 225 2
108 225 2
108 369 2
108 241 2
108 401 2
108 401 2
108 401 2
108 103 2
108 111 2
108 492 2
108 111 2
108 401 1
108 401 1
108 401 2
108 401 2
108 401 2
108 229 2
108 111 2
108 229 2
108 111 2
108 229 2
108 95 2
108 359 1
108 474 2
108 95 2
108 369 2
108 150 2
108 111 2
108 111 2
108 241 2
108 111 2
108 110 2
108 241 2
108 95 2
108 111 2
108 401 1
108 401 1
108 401 1
108 401 2
108 401 1
108 401 1
108 401 1
108 107 2
108 89 2
108 401 2
108 401 2
108 401 1
108 401 1
108 401 2
108 401 2
108 401 2
108 111 2
108 401 2
109 105 1
109 110 1
109 105 1
109 290 2
109 290 2
109 105 2
109 105 1
109 111 2
109 290 2
109 290 2
109 105 2
109 241 2
109 494 2
109 192 2
109 495 2
109 192 1
109 192 1
109 111 2
109 105 2
109 192 1
109 494 2
109 241 2
109 494 2
109 111 2
109 105 2
109 150 2
109 92 2
109 241 2
109 105 2
109 111 2
109 412 2
109 333 2
109 494 2
109 495 2
109 495 1
109 232 2
109 111 2
109 494 2
109 482 2
110 91 1
110 91 1
110 111 1
110 482 2
110 102 2
110 241 2
110 91 2
110 91 2
110 111 1
110 263 2
110 111 2
110 111 2
110 91 2
110 91 2
110 241 2
110 267 2
110 267 2
110 492 2
111 228 1
111 108 1
111 108 1
111 490 1
111 117 1
111 228 1
111 149 1
111 148 1
111 241 2
111 102 2
111 110 2
111 474 2
111 225 2
111 108 2
111 225 2
111 263 2
111 108 2
111 242 2
111 149 2
111 144 2
111 144 2
111 148 2
111 110 2
111 39 2
111 109 2
111 401 2
111 369 2
111 105 2
111 228 2
111 110 2
111 110 2
111 109 2
111 492 2
111 110 2
111 108 1
111 104 2
111 92 2
111 412 2
111 104 2
111 108 2
111 92 2
111 412 2
111 492 2
111 241 2
111 110 2
111 110 2
111 108 2
111 492 2
111 108 2
111 110 2
112 131 1
112 477 1
112 477 1
112 451 1
112 25 1
112 241 1
112 228 1
112 241 1
112 481 1
112 87 1
112 131 1
112 95 1
112 108 1
112 228 1
112 228 1
112 71 1
112 131 1
112 87 2
112 87 2
112 108 2
112 263 2
112 241 2
112 241 2
112 87 2
112 242 2
112 242 2
112 87 2
112 71 1
112 71 1
112 87 2
112 192 2
112 87 2
112 242 2
112 87 2
112 494 2
112 485 2
112 87 2
112 485 2
112 108 2
112 131 2
112 71 1
112 111 2
112 71 1
112 401 2
112 108 2
112 157 2
112 108 2
112 131 2
112 71 1
112 131 2
112 241 2
112 131 2
112 225 2
112 131 2
112 225 2
112 140 2
112 71 1
112 107 2
112 95 2
112 71 1
112 95 2
112 225 2
112 263 2
112 89 2
112 225 2
112 108 2
112 110 2
112 89 2
112 241 2
112 401 2
112 111 2
112 481 2
112 71 1
112 89 2
112 131 2
112 71 1
112 241 2
112 71 1
112 71 1
112 263 2
112 71 1
112 71 2
112 71 2
112 401 2
112 89 2
112 108 2
112 401 2
112 451 2
112 107 2
112 401 2
112 470 2
112 89 2
112 108 2
112 492 2
112 401 2
112 228 1
112 401 2
112 369 2
112 89 2
112 87 2
112 131 2
112 225 2
112 108 2
112 132 2
112 99 2
112 99 2
112 228 2
112 225 2
112 263 2
112 131 2
112 225 2
112 71 2
112 131 1
112 95 2
112 492 2
112 225 2
112 401 2
112 108 2
112 99 2
112 99 2
112 71 1
112 131 1
112 71 1
112 89 2
112 225 2
112 90 2
112 132 2
112 108 2
112 108 2
112 111 2
112 131 2
112 108 2
112 242 2
112 225 2
112 131 2
112 241 2
112 101 2
112 477 2
112 263 2
112 89 2
112 89 2
112 108 2
112 263 2
112 89 2
112 89 2
112 89 2
112 89 2
112 108 2
112 95 2
112 95 1
112 108 2
112 242 2
112 108 2
112 242 2
113 451 1
113 492 1
113 492 2
113 492 2
113 451 2
114 131 1
114 117 2
114 343 2
114 434 1
114 139 2
114 434 2
114 434 2
114 156 2
114 434 2
115 116 2
115 116 2
117 228 1
117 228 1
117 228 1
117 499 1
117 241 1
117 241 1
117 241 1
117 359 1
117 359 1
117 241 1
117 150 1
117 492 1
117 276 1
117 469 1
117 228 1
117 208 1
117 267 1
117 469 1
117 241 2
117 241 2
117 492 2
117 241 2
117 343 2
117 343 2
117 241 2
117 263 2
117 346 1
117 346 1
117 113 2
117 113 1
117 360 2
117 343 2
117 325 2
117 404 2
117 276 2
117 208 2
117 343 2
117 343 2
117 343 2
117 469 2
117 343 2
117 499 2
117 244 2
117 290 2
117 157 2
117 241 2
117 267 2
117 244 2
117 157 2
117 155 1
117 155 1
117 155 1
117 155 1
117 155 1
117 155 1
117 156 2
117 499 2
117 492 2
117 267 2
117 150 2
117 156 2
117 155 1
117 155 1
117 155 1
117 156 2
117 325 2
117 343 2
117 404 2
117 469 2
117 276 2
117 343 2
117 404 2
117 469 2
117 276 2
117 325 2
117 343 2
117 241 2
117 241 2
117 241 2
117 241 2
117 343 2
117 492 2
117 360 2
117 360 2
117 113 1
117 113 2
117 343 2
117 156 2
117 241 2
117 113 1
118 129 2
118 360 2
118 226 2
118 141 2
118 360 1
118 129 2
119 226 1
119 226 1
119 226 1
119 226 1
119 226 1
119 226 1
119 344 1
119 228 1
119 360 1
119 320 1
119 360 1
119 228 1
119 359 1
119 343 2
119 276 2
119 359 2
119 359 2
119 343 2
119 359 1
119 360 2
119 360 2
119 226 2
119 360 1
119 360 2
119 231 2
119 359 2
119 343 2
119 226 2
119 276 2
119 359 2
119 360 1
119 359 1
121 492 2
122 354 2
123 122 2
123 121 2
124 228 1
124 344 1
124 359 1
124 359 2
124 192 2
124 359 1
124 359 1
124 343 2
124 202 2
124 359 1
124 359 1
124 147 2
124 359 1
124 359 1
124 359 1
124 241 2
124 359 1
124 359 1
125 263 1
125 263 2
125 263 1
125 263 1
126 359 1
126 492 1
126 359 1
126 441 1
126 343 2
126 192 2
126 241 2
126 267 2
126 441 1
126 441 1
126 343 2
126 441 1
126 343 2
126 241 2
126 441 1
126 360 2
126 267 2
126 441 1
126 241 2
126 267 2
126 441 1
127 226 1
127 226 1
127 359 1
127 359 1
127 359 1
127 192 1
127 226 1
127 228 1
127 228 1
127 228 1
127 441 1
127 6 2
127 343 2
127 192 2
127 208 2
127 343 2
127 225 2
127 208 2
127 202 2
127 343 2
127 343 2
127 360 2
127 25 2
127 441 1
127 441 1
127 226 2
127 226 2
127 228 2
127 226 2
127 228 2
127 441 1
127 360 2
127 225 2
127 441 2
127 343 2
127 441 1
127 153 2
127 360 2
127 241 2
127 6 2
127 6 2
127 441 2
127 359 2
127 360 2
127 474 2
127 441 1
127 263 2
127 225 2
127 228 2
127 228 2
127 441 1
127 241 2
127 343 2
127 267 2
128 369 2
128 241 2
128 343 2
128 241 2
128 343 2
128 192 2
128 343 2
128 267 2
129 360 1
129 359 1
129 359 1
129 359 1
129 359 1
129 147 1
129 192 1
129 192 1
129 211 1
129 211 1
129 211 1
129 211 1
129 211 1
129 343 2
129 147 2
129 276 2
129 147 2
129 435 2
129 343 2
129 147 1
129 2 2
129 343 2
129 343 2
129 343 2
129 360 2
129 192 2
129 343 2
129 343 2
129 357 2
129 343 2
129 343 2
129 360 2
129 360 2
129 343 2
129 343 2
129 360 2
129 360 2
129 343 2
129 343 2
129 360 2
129 144 2
129 117 2
129 343 2
129 115 2
129 115 2
129 343 2
129 115 2
129 343 2
129 241 2
129 147 2
131 241 2
133 143 2
133 482 2
133 241 2
133 481 2
133 242 1
133 242 1
133 242 2
133 192 2
133 241 2
133 242 2
133 267 2
133 129 2
133 129 2
133 143 2
133 143 2
133 242 1
133 241 2
134 457 1
134 457 1
134 337 2
136 367 1
136 368 2
136 367 1
136 367 1
136 367 1
136 368 2
136 368 2
136 368 2
136 368 1
136 367 1
137 366 1
137 369 1
137 369 2
137 366 2
137 369 1
138 34 2
138 34 2
138 34 2
138 331 2
138 308 2
139 476 2
139 478 2
140 471 1
140 131 2
140 471 2
141 487 2
141 492 2
141 147 2
142 370 1
143 131 1
143 156 2
143 241 2
143 465 2
143 241 2
144 150 1
144 145 2
144 145 2
144 145 2
144 145 2
144 149 2
144 149 2
144 149 2
144 150 2
144 149 2
144 149 2
144 149 2
144 149 2
144 148 2
144 149 2
145 25 1
145 465 2
145 465 2
145 465 2
147 471 1
147 471 2
148 2 1
148 492 2
148 476 2
148 39 2
148 39 2
148 465 2
149 476 2
149 476 2
149 476 2
149 492 2
149 476 2
149 39 2
149 39 2
149 465 2
150 253 2
150 253 2
150 260 2
153 267 2
153 267 2
153 267 2
153 267 2
153 267 2
154 200 2
154 200 2
154 248 2
154 200 2
156 113 2
156 113 1
158 156 2
159 44 1
159 359 1
159 359 1
159 359 1
159 228 1
159 228 1
159 147 1
159 228 1
159 482 2
159 359 2
159 504 1
159 504 1
159 228 2
159 208 2
159 482 2
159 267 2
159 241 2
159 267 2
159 343 2
159 504 1
159 267 2
159 359 2
159 504 2
159 359 2
159 492 2
159 343 2
159 44 2
159 504 1
159 492 2
159 360 2
159 504 1
159 504 2
160 561 1
161 253 2
161 533 2
161 591 2
161 561 2
161 533 2
161 561 2
161 591 2
161 561 2
161 533 2
161 202 2
161 591 2
161 561 2
161 213 2
161 343 2
161 202 2
161 213 2
161 343 2
161 561 2
162 359 1
162 591 2
162 561 2
162 104 2
162 561 2
162 104 2
162 561 2
162 343 2
162 561 2
162 360 2
162 561 2
162 111 2
162 561 2
162 111 2
162 343 2
162 108 2
163 561 1
163 591 1
163 594 1
163 577 1
163 594 1
163 577 1
163 594 2
163 587 2
163 591 2
163 587 2
163 561 2
163 591 2
164 165 1
164 163 1
164 165 1
164 163 1
164 165 1
164 166 1
164 166 1
164 166 1
164 594 2
164 591 2
164 575 2
164 591 2
164 591 2
164 591 2
164 591 2
164 591 2
164 147 1
164 591 2
164 147 2
165 477 1
165 477 1
165 561 2
165 561 2
165 561 2
165 591 2
165 573 2
165 573 2
165 477 2
165 477 2
165 561 2
165 591 2
165 591 2
165 587 2
165 561 2
165 591 2
165 591 2
166 564 1
166 564 2
166 561 2
166 561 2
166 561 2
166 564 2
166 561 2
166 561 2
166 591 2
166 561 2
166 533 2
166 561 2
166 591 2
166 592 2
166 591 2
166 589 2
166 564 2
166 591 2
166 593 2
166 564 2
166 594 2
166 583 2
166 591 2
166 588 2
166 591 2
166 588 2
166 588 2
166 241 2
166 591 2
166 588 2
166 561 2
166 561 2
166 561 2
166 592 2
166 561 2
166 561 2
166 589 2
166 593 2
166 343 2
166 401 2
166 108 2
166 343 2
166 592 2
166 564 2
166 589 2
166 561 2
166 591 2
166 591 2
166 589 2
166 561 2
166 587 2
166 561 2
166 561 2
166 561 2
166 561 2
166 561 2
166 591 2
166 533 2
166 591 2
166 591 2
166 564 2
166 561 2
166 591 2
167 263 1
167 168 1
167 168 1
167 263 2
167 263 2
167 263 1
167 263 2
167 263 2
167 263 2
167 263 2
167 263 2
167 263 1
168 263 2
168 263 2
169 365 2
169 365 2
169 365 2
169 365 2
169 365 2
170 358 1
170 372 2
170 372 2
170 458 2
170 458 2
170 172 2
170 172 2
170 450 2
170 376 2
170 458 2
170 450 2
170 337 2
170 456 2
171 181 2
171 358 2
171 358 2
172 354 1
172 354 1
172 354 1
172 345 2
172 345 2
172 345 2
172 354 2
172 354 1
172 345 2
172 354 2
172 354 2
172 354 2
172 354 1
172 376 2
172 222 2
172 37 2
172 37 1
172 37 1
173 172 2
173 172 2
173 337 2
173 172 2
173 172 2
173 172 2
174 355 1
174 358 1
174 378 2
174 378 2
174 378 2
174 378 2
174 378 2
174 355 1
174 378 2
174 378 2
175 358 1
175 358 1
175 358 1
175 358 1
175 416 1
175 171 2
175 358 2
175 416 2
175 380 2
175 358 2
175 380 2
175 380 2
175 358 2
175 416 2
175 380 2
175 171 2
175 358 2
175 416 2
175 380 2
175 358 2
175 416 2
175 380 2
176 381 1
176 381 1
176 171 2
176 381 2
176 171 2
176 381 2
176 171 2
176 381 2
176 171 2
176 381 2
176 171 2
176 381 2
176 171 2
176 381 2
176 171 2
176 381 2
176 171 2
176 381 2
176 458 2
176 381 2
176 458 2
176 381 2
176 381 2
176 381 2
176 381 2
176 381 1
177 257 1
177 172 2
177 257 1
177 172 2
177 172 2
177 172 2
177 534 2
178 410 1
178 410 1
178 410 2
179 456 2
179 456 2
180 459 2
180 459 2
180 459 2
180 459 2
180 459 2
180 459 2
180 459 2
180 459 2
180 459 2
180 458 2
180 459 2
180 459 2
181 355 1
181 355 1
181 355 1
181 355 2
181 355 2
181 355 1
181 355 1
181 355 1
183 182 2
183 182 2
186 185 2
191 187 1
191 184 2
191 187 2
191 189 2
191 182 2
192 248 1
192 248 1
192 526 1
192 492 2
192 241 2
192 248 2
192 494 2
192 248 2
192 494 2
192 494 2
192 494 2
192 494 2
193 272 1
193 287 1
193 287 1
193 343 2
193 246 2
194 343 2
194 246 2
194 246 2
194 246 2
194 246 2
194 197 2
194 197 2
194 246 2
194 246 2
194 197 1
195 248 1
195 343 2
195 343 2
195 248 2
196 246 2
196 246 2
196 301 2
196 194 1
196 194 1
196 194 1
197 287 1
197 359 1
197 272 1
197 358 1
197 245 2
197 288 2
197 343 2
197 398 2
197 245 2
197 480 2
197 339 2
197 360 2
197 480 2
197 343 2
197 458 2
197 297 2
197 408 2
197 245 2
197 297 2
197 288 2
197 343 2
197 306 2
197 343 2
197 458 2
197 192 2
197 245 2
197 245 2
197 339 2
197 385 2
197 237 2
197 343 2
197 533 2
197 343 2
197 343 2
197 343 2
197 385 2
197 343 2
197 458 2
197 514 2
197 458 2
197 246 2
197 343 2
197 385 2
197 246 2
197 246 2
197 238 2
197 246 2
197 246 1
197 343 2
197 343 2
197 343 2
197 272 2
197 443 2
197 272 2
197 343 2
197 272 2
197 343 2
197 287 1
197 272 2
197 343 2
197 246 2
197 458 2
197 533 2
197 533 2
197 343 2
197 458 2
197 533 2
197 533 2
198 359 1
198 197 1
198 399 2
198 360 2
198 399 2
198 197 2
198 343 2
198 197 1
198 197 2
198 430 2
198 343 2
198 343 2
198 385 2
198 197 2
198 192 2
199 246 2
199 246 2
199 246 2
199 194 1
199 197 2
199 246 2
199 246 2
199 197 1
199 197 2
199 194 1
199 246 2
199 246 2
199 197 1
199 343 2
199 194 1
199 197 2
199 194 1
199 246 2
199 246 2
199 246 2
199 197 1
200 400 2
201 482 2
202 287 1
202 469 1
202 267 1
202 207 2
202 506 2
202 343 2
202 241 2
202 482 2
202 469 2
202 506 1
202 492 2
202 462 2
202 207 2
202 343 2
202 206 2
202 503 2
202 243 2
202 503 2
202 343 2
202 503 2
202 206 2
202 503 2
202 213 2
202 220 2
202 206 2
202 220 2
202 220 2
202 287 1
202 209 2
202 241 2
202 343 2
202 267 2
202 333 2
202 208 2
202 220 2
202 506 1
202 207 2
202 207 2
202 214 2
202 213 2
202 243 2
202 496 2
202 206 2
202 213 2
202 213 2
202 204 2
202 206 2
202 214 2
202 506 2
202 506 2
202 506 2
202 209 2
202 204 2
202 204 2
202 340 2
202 209 2
202 206 2
202 206 2
202 506 2
202 248 2
203 204 2
203 209 1
203 206 2
203 209 2
203 209 1
203 204 1
203 209 2
203 209 1
204 209 1
204 209 2
204 209 2
204 209 2
204 209 2
204 241 2
204 471 2
204 241 2
204 244 2
204 260 2
204 244 2
204 221 2
204 244 2
204 209 2
204 209 2
204 209 2
204 209 2
204 209 1
205 401 1
205 214 2
205 401 1
206 204 1
206 368 1
206 345 2
206 343 2
206 204 1
206 503 2
206 204 1
206 201 2
206 201 2
206 209 2
206 201 2
206 201 2
206 201 2
206 209 2
206 201 2
206 203 2
206 243 1
206 209 2
206 209 2
206 209 1
206 209 1
206 203 2
206 243 1
206 203 2
206 243 2
206 503 2
206 243 2
206 503 2
206 503 2
206 503 2
206 503 2
206 243 1
206 209 2
206 243 1
206 209 2
206 243 1
206 209 2
206 209 2
206 204 2
206 209 1
206 209 1
206 243 1
206 243 1
206 243 1
206 201 2
206 201 2
207 237 2
207 237 2
207 472 2
207 244 2
207 244 2
208 226 1
208 226 1
208 226 1
208 228 1
208 360 1
208 359 1
208 481 1
208 359 1
208 231 1
208 359 1
208 360 1
208 226 1
208 359 1
208 228 1
208 359 1
208 359 1
208 267 1
208 241 2
208 267 2
208 482 2
208 241 2
208 343 2
208 267 2
208 469 2
208 202 2
208 343 2
208 241 2
208 241 2
208 504 2
208 343 2
208 359 2
208 359 2
208 343 2
208 504 2
208 267 2
208 481 2
208 359 2
208 360 2
208 226 2
208 359 2
208 226 2
208 360 1
208 359 2
208 360 1
208 360 2
208 231 2
208 202 2
208 213 2
208 231 2
208 202 2
208 202 2
208 226 2
208 202 2
208 220 2
208 360 1
208 343 2
208 504 2
208 241 2
208 202 2
208 202 2
208 202 2
209 207 2
209 241 2
209 343 2
209 207 2
209 462 2
209 204 2
209 204 2
209 33 2
209 207 2
209 249 2
210 260 2
210 260 2
210 463 2
211 359 1
211 360 1
211 359 1
211 360 1
211 343 2
211 343 2
211 360 2
211 208 2
211 192 1
211 208 2
211 360 2
211 343 2
211 359 2
211 360 2
211 343 2
211 192 1
211 343 2
211 192 1
211 192 1
211 369 2
211 241 2
211 343 2
211 260 2
211 343 2
211 343 2
211 192 2
211 260 2
211 241 2
211 434 2
211 241 2
211 192 2
211 267 2
211 359 2
211 343 2
211 241 2
211 343 2
211 208 2
211 208 2
211 260 2
211 343 2
211 343 2
211 343 2
213 538 1
213 206 2
213 538 2
213 202 2
213 212 2
213 212 2
213 212 2
213 206 2
213 206 2
213 212 2
213 231 2
213 212 2
213 343 2
213 212 2
213 212 2
214 492 2
214 343 2
214 482 2
214 202 2
215 538 2
215 538 2
215 231 2
216 289 2
216 219 2
216 219 2
216 219 2
216 219 2
216 343 2
216 471 2
216 492 2
216 289 2
216 289 2
216 289 2
217 492 1
217 359 1
217 45 1
217 343 2
217 492 2
217 207 2
217 202 2
217 343 2
217 207 2
217 202 2
217 343 2
217 202 2
217 241 2
217 267 2
217 289 1
217 202 2
217 209 2
217 216 2
217 216 2
217 216 2
217 216 2
217 216 2
217 202 2
217 209 2
217 209 2
217 202 2
217 202 2
217 241 2
217 267 2
217 231 2
218 216 1
218 216 2
218 237 2
219 216 1
221 260 2
221 260 2
221 260 2
221 260 2
221 260 2
222 329 2
222 236 2
222 329 2
222 253 2
222 338 2
222 257 1
222 253 2
222 253 2
222 452 2
222 462 2
222 329 2
222 329 2
222 253 2
222 253 2
222 37 2
223 224 1
225 228 1
225 263 2
225 235 2
225 235 2
225 235 2
225 224 1
228 451 1
228 451 2
228 492 2
231 223 2
231 226 2
231 226 2
231 226 2
233 232 1
233 232 1
234 451 2
235 263 2
236 478 2
237 260 2
237 492 2
237 471 2
238 344 1
238 495 1
238 344 1
238 495 1
238 343 2
238 195 2
238 343 2
238 343 2
238 192 2
238 514 2
238 246 2
238 495 1
238 246 2
238 246 2
238 246 2
238 246 2
238 246 2
238 195 2
238 246 1
238 345 2
238 267 2
238 246 2
238 246 2
238 514 2
238 291 2
238 495 1
238 455 2
238 192 2
238 192 1
238 192 2
238 192 1
238 192 1
238 192 1
238 492 2
239 358 1
239 418 2
239 260 2
239 418 2
239 383 2
239 450 2
239 345 2
239 354 2
239 450 2
239 345 2
240 355 1
240 358 1
240 345 2
240 492 2
240 345 2
240 458 2
240 458 2
240 34 2
240 44 2
240 331 2
240 331 2
240 358 2
240 458 2
240 458 2
240 458 2
240 355 1
241 481 1
241 369 1
241 368 1
241 267 1
241 367 2
241 369 2
241 481 2
241 481 2
241 267 1
241 267 1
241 267 2
241 129 2
241 267 2
242 358 1
242 130 2
242 130 2
242 482 2
242 482 2
242 492 2
242 253 2
242 241 2
242 241 2
242 367 2
242 369 2
242 534 2
242 33 2
242 534 2
242 241 1
242 130 2
242 267 2
242 267 2
242 267 2
243 503 2
243 503 2
243 503 2
243 492 2
243 503 2
243 248 2
244 329 1
244 44 1
244 343 1
244 329 1
244 42 1
244 329 1
244 494 2
244 494 2
244 494 2
244 494 2
244 534 2
244 312 2
244 338 2
244 247 2
244 492 2
244 247 2
244 247 2
244 437 2
244 437 2
244 492 2
244 313 2
244 42 2
244 44 2
244 247 2
244 534 2
244 318 2
244 534 2
244 534 2
244 494 2
244 268 2
244 494 2
244 337 2
244 494 2
244 39 2
244 345 2
244 338 2
245 359 1
245 343 2
245 278 2
245 195 2
245 287 1
245 287 1
245 482 2
245 278 2
245 287 1
245 287 1
245 287 1
245 343 2
245 272 2
245 360 2
245 276 2
245 343 2
245 288 2
245 288 2
245 343 2
245 287 1
245 287 1
245 343 2
245 492 2
245 343 2
245 287 1
245 197 2
245 343 2
246 228 1
246 358 1
246 428 1
246 267 1
246 428 1
246 494 2
246 494 2
246 428 2
246 335 2
246 482 2
246 335 2
246 335 2
246 335 2
246 319 2
246 428 2
246 428 2
246 428 2
246 303 2
246 335 2
246 303 2
246 303 2
246 303 2
246 303 2
246 244 2
246 456 2
246 456 2
246 428 2
246 428 2
246 428 2
246 267 2
246 267 2
246 428 2
246 428 2
246 428 2
246 456 2
246 428 2
246 494 2
246 278 2
246 492 2
246 278 2
246 492 2
246 195 2
246 335 2
246 335 2
246 335 2
246 287 1
246 335 2
246 456 2
246 456 2
246 456 2
246 456 2
246 428 2
246 456 2
246 456 2
246 428 2
246 456 2
246 456 2
246 428 2
246 428 2
246 514 2
246 514 2
246 492 2
246 272 2
246 343 2
246 229 2
246 229 2
246 229 2
246 343 2
246 229 2
246 533 2
246 385 2
246 456 2
246 343 2
246 343 2
246 343 2
246 428 2
246 428 2
246 428 2
246 428 2
246 456 2
246 335 2
246 456 2
246 456 2
246 448 1
246 456 2
249 492 2
250 349 2
250 512 2
251 512 2
251 250 1
251 250 1
251 250 1
251 512 2
251 349 2
251 250 1
251 512 2
252 251 1
254 259 1
254 253 1
254 253 1
254 253 1
254 253 1
254 253 1
254 253 1
254 253 1
254 253 1
254 253 1
254 253 1
254 253 1
254 253 1
254 253 1
254 253 2
254 253 2
254 253 2
254 253 2
254 253 2
254 253 2
254 253 2
254 253 2
254 253 1
254 253 1
255 259 1
255 254 1
255 260 2
255 254 1
255 465 2
255 331 2
255 331 2
255 338 2
255 345 2
255 331 2
255 354 2
258 492 1
258 492 2
258 253 2
258 458 2
258 459 2
258 492 2
258 345 2
258 354 2
258 458 2
258 459 2
258 458 2
258 458 2
258 459 2
258 458 2
258 458 2
258 257 2
258 257 1
258 257 2
258 257 1
258 37 2
258 257 1
258 354 2
258 345 2
258 345 2
258 257 1
258 459 2
258 459 2
258 423 2
258 257 2
258 253 2
258 263 2
258 423 2
258 345 2
258 345 2
258 354 2
258 257 2
258 459 2
258 345 2
258 263 2
258 354 2
258 345 2
258 257 2
258 257 2
258 257 2
258 345 2
258 345 2
258 354 2
258 253 2
258 253 2
258 257 2
258 257 1
258 253 2
258 257 1
258 459 2
258 459 2
258 257 1
258 459 2
258 458 2
258 458 2
258 459 2
258 492 2
259 329 2
259 329 2
261 260 1
261 260 1
261 260 1
261 260 1
261 260 1
261 260 1
261 260 1
261 260 1
261 260 1
261 260 1
262 261 1
263 492 2
264 263 1
264 263 2
264 263 2
264 263 2
264 263 2
264 263 2
264 263 2
264 263 2
264 263 1
264 263 2
264 263 2
264 263 2
264 263 1
264 263 2
264 263 2
264 263 1
264 263 2
264 263 2
264 263 1
264 263 2
264 263 2
265 358 1
265 240 1
265 240 1
265 240 1
265 240 1
265 240 2
265 240 2
265 240 1
265 240 2
265 240 2
265 240 2
265 240 2
265 240 1
265 240 2
265 240 2
265 240 2
265 405 2
265 405 2
265 405 2
265 240 2
265 240 2
265 240 1
265 240 2
265 240 2
265 240 2
265 240 1
265 240 2
265 240 2
265 240 2
265 240 1
266 245 1
266 245 2
266 245 1
266 287 1
266 245 1
266 245 1
266 245 1
266 385 2
266 245 1
266 343 2
266 287 1
266 245 1
266 241 2
266 505 2
266 343 2
266 343 2
266 369 2
266 385 2
266 287 1
266 343 2
266 533 2
266 343 2
266 245 1
266 343 2
266 366 2
266 245 1
267 421 2
267 313 2
267 492 2
267 45 2
267 421 2
267 492 2
267 492 2
267 492 2
267 421 2
267 492 2
269 268 2
269 492 2
269 268 2
269 492 2
269 268 1
270 366 1
270 366 1
270 366 1
270 366 1
270 345 2
270 457 2
270 255 2
270 345 2
270 336 2
270 434 2
270 523 2
270 521 2
270 523 2
270 271 2
270 434 2
270 241 1
270 345 2
270 521 2
270 282 2
270 522 2
270 345 2
270 349 2
270 521 2
270 281 2
270 250 2
270 354 2
270 281 2
270 345 2
270 521 2
270 347 2
270 347 2
270 250 2
270 334 2
270 334 2
270 241 1
270 347 2
270 366 2
270 366 2
270 241 2
270 369 2
270 366 2
270 366 2
270 521 2
271 287 1
271 435 1
271 435 1
271 359 1
271 343 2
271 343 2
271 360 2
271 435 2
271 343 2
271 434 1
271 343 2
271 192 2
271 272 2
271 519 2
271 277 1
271 343 2
271 278 2
271 343 2
271 287 1
271 278 2
271 287 1
271 287 1
271 434 2
271 343 2
271 435 2
271 343 2
272 192 1
272 359 1
272 344 1
272 287 1
272 287 1
272 278 2
272 278 2
272 273 2
272 369 2
272 337 2
272 192 2
272 278 2
272 278 2
272 241 2
272 343 2
272 487 2
272 195 2
272 277 2
272 277 2
272 277 2
272 291 2
272 287 2
272 343 2
272 286 2
272 360 2
272 462 2
272 337 2
272 278 2
272 279 2
272 278 2
272 277 2
272 278 2
272 343 2
272 287 2
272 279 2
272 279 2
272 279 2
272 273 2
272 279 2
272 273 2
272 273 2
272 278 2
272 277 2
272 287 2
272 287 2
272 287 2
272 279 2
272 273 2
272 287 2
272 287 2
272 287 2
272 287 2
272 241 2
272 369 2
272 287 2
272 287 2
272 343 2
272 343 2
272 287 2
273 287 1
273 287 1
274 287 1
274 273 1
274 273 1
274 273 2
274 273 2
274 273 2
274 273 1
274 273 2
275 273 1
276 248 1
276 325 2
276 2 2
276 272 2
276 343 2
276 192 2
276 343 2
276 297 2
276 248 2
276 197 2
276 343 2
276 495 1
276 343 2
276 192 2
276 495 2
276 495 1
276 272 2
276 495 1
276 428 2
276 278 2
276 278 2
276 278 2
276 278 2
276 246 1
276 278 2
276 278 2
276 272 2
276 129 2
276 129 2
276 495 1
276 316 2
276 325 2
276 341 2
276 320 2
276 316 2
276 325 2
276 316 2
276 325 2
276 343 2
276 343 2
276 495 1
276 319 2
276 495 1
277 287 1
277 287 1
278 492 1
278 343 2
278 343 2
278 272 2
278 343 2
278 360 2
278 360 2
278 343 2
278 354 2
278 492 2
278 492 2
278 45 2
278 492 2
278 34 2
278 331 2
278 290 2
278 337 2
278 290 2
278 482 2
278 495 1
278 276 2
278 492 2
279 287 1
279 241 2
279 245 2
279 343 2
279 267 2
280 343 2
280 476 2
280 299 2
280 303 2
280 36 2
280 305 2
280 303 2
280 303 2
280 303 2
280 476 2
280 299 2
280 299 2
281 521 2
281 521 1
281 241 2
282 271 1
282 129 2
282 271 1
282 271 1
282 519 2
282 349 2
282 271 1
283 259 1
283 37 2
283 345 2
283 259 1
283 255 2
283 259 1
283 259 1
283 259 1
284 520 1
284 520 1
284 520 1
285 200 2
285 200 2
285 200 2
285 200 2
285 272 2
285 343 2
285 343 2
286 287 1
286 368 1
286 287 1
287 278 2
288 245 1
288 272 1
288 245 1
288 245 1
288 223 1
288 245 2
288 343 2
288 267 2
288 267 2
288 245 2
288 272 2
288 272 2
288 245 2
288 245 2
288 287 1
289 487 2
290 228 1
290 228 1
291 451 1
291 451 2
293 292 2
294 292 2
295 292 2
292 455 2
292 428 2
292 492 2
292 455 2
292 246 2
292 455 2
292 301 2
292 455 2
292 428 2
292 455 2
292 455 2
292 241 2
292 492 2
292 343 2
292 267 2
292 246 2
292 455 2
292 455 2
292 428 2
292 246 2
292 241 2
292 492 2
292 343 2
292 455 2
292 455 2
292 455 2
292 455 2
292 455 2
292 267 2
292 246 2
292 246 2
292 428 2
292 246 2
292 246 2
292 246 2
292 246 2
292 246 2
292 246 2
292 246 2
296 304 2
297 533 1
297 306 1
297 359 1
297 248 1
297 272 1
297 344 1
297 343 2
297 289 2
297 289 2
297 301 2
297 343 2
297 533 2
297 272 2
297 343 2
297 301 2
297 306 2
297 287 1
297 272 2
297 248 2
297 343 2
297 385 2
297 306 2
297 289 2
297 301 2
297 306 2
297 495 1
297 246 2
297 343 2
297 246 2
297 246 2
297 246 2
297 428 2
297 272 2
297 272 2
297 403 2
297 403 2
297 301 2
297 298 2
297 306 2
297 301 2
297 272 2
297 343 2
297 301 2
297 192 2
297 299 2
297 299 2
297 369 2
297 301 2
297 241 2
297 192 2
297 306 2
297 343 2
297 403 2
297 272 2
297 301 2
297 192 1
297 289 2
297 299 2
297 192 1
297 343 2
297 298 2
297 192 2
297 301 2
297 192 1
297 244 2
297 272 2
297 299 2
297 299 2
297 299 2
297 299 2
297 299 2
297 287 1
297 200 2
297 278 2
297 287 1
297 301 2
297 301 2
297 287 2
297 287 1
297 200 2
297 301 2
297 200 2
297 200 2
297 246 2
297 301 2
297 200 2
297 195 2
297 287 1
297 200 2
297 301 2
297 200 2
297 200 2
297 200 2
297 287 1
297 192 2
297 200 2
297 200 2
297 200 2
297 301 2
297 287 1
297 200 2
297 400 2
297 200 2
297 301 2
297 299 2
297 200 2
297 200 2
297 306 2
297 301 2
297 343 2
297 301 2
297 287 1
297 385 2
297 343 2
297 343 2
297 241 2
297 533 2
297 267 2
297 343 2
297 343 2
297 343 2
297 360 2
297 495 1
297 241 2
297 267 2
297 301 2
297 301 2
297 301 2
297 241 2
297 301 2
297 301 2
297 246 2
297 301 2
297 301 2
297 299 2
297 301 2
297 343 2
297 535 2
297 272 2
297 343 2
297 343 2
297 343 2
297 385 2
297 343 2
297 301 2
297 301 2
297 360 2
297 200 2
297 301 2
297 343 2
297 301 2
297 276 2
297 306 2
297 259 2
297 237 2
297 343 2
297 306 2
297 343 2
297 385 2
297 343 2
297 195 2
297 301 2
297 301 2
297 400 2
297 278 2
297 287 1
297 385 2
297 343 2
297 301 2
297 301 2
297 301 2
297 192 2
297 301 2
297 192 2
297 301 2
297 301 2
297 289 2
297 287 1
297 287 1
297 200 2
297 200 2
297 287 1
297 287 1
297 306 2
297 306 2
297 192 2
297 241 2
297 369 2
297 192 1
297 192 1
297 289 2
297 192 1
297 197 2
297 241 2
297 343 2
297 343 2
297 369 2
297 366 2
297 343 2
297 289 2
297 192 2
298 296 1
298 44 1
298 313 1
298 344 1
298 244 1
298 299 2
298 296 2
298 296 2
298 421 2
298 492 2
298 303 2
298 343 2
298 297 2
298 244 2
298 313 2
298 244 2
298 313 2
298 303 2
298 303 2
298 303 2
298 303 2
298 299 2
298 44 2
298 244 2
298 482 2
298 495 1
298 301 2
298 297 2
298 299 2
298 299 2
298 428 2
298 296 2
298 296 2
298 299 2
298 244 2
298 296 2
298 246 2
298 246 1
298 297 2
299 305 1
299 306 1
299 287 1
299 296 1
299 42 1
299 297 2
299 343 2
299 343 2
299 297 2
299 343 2
299 297 2
299 297 2
299 306 2
299 303 2
299 303 2
299 303 2
299 305 2
299 303 2
299 241 2
299 297 2
299 300 2
299 192 2
299 297 2
299 306 2
299 306 2
299 200 2
299 200 2
299 297 2
299 303 2
299 246 1
299 297 2
299 297 2
299 305 2
299 305 2
299 302 2
299 305 2
299 302 2
299 200 2
299 303 2
299 276 2
299 305 2
299 533 2
299 533 2
299 297 2
299 305 2
299 343 2
299 343 2
299 297 2
299 305 2
299 237 2
299 297 2
299 287 1
299 269 2
299 269 2
299 305 2
299 305 2
299 303 2
299 303 2
299 305 2
299 297 2
299 303 2
299 303 2
299 305 2
299 303 2
299 492 2
299 303 2
299 303 2
299 244 2
299 343 2
299 269 2
299 42 2
299 297 2
299 297 2
299 300 2
299 300 2
299 305 2
299 305 2
299 269 2
299 269 2
299 343 2
299 269 2
299 269 2
299 343 2
299 492 2
299 247 2
299 247 2
299 437 2
299 247 2
299 306 2
299 246 2
299 246 2
299 246 1
299 305 2
300 296 1
300 301 2
301 533 1
301 492 2
301 345 2
301 246 2
301 341 2
301 401 1
301 297 2
301 337 2
301 246 2
301 246 1
301 244 2
301 246 2
301 343 2
301 246 2
301 246 2
301 246 2
301 401 1
301 246 2
301 246 2
301 403 2
301 246 2
301 246 2
301 337 2
301 244 2
301 297 2
301 385 2
301 343 2
301 343 2
301 300 2
301 300 2
301 246 1
301 246 2
301 246 2
301 246 2
301 246 2
301 297 2
301 246 2
301 246 2
301 428 2
301 246 2
301 428 2
301 533 2
301 246 2
301 246 2
301 246 2
301 533 1
301 246 2
301 297 2
301 401 1
301 470 2
301 470 2
301 401 1
301 246 2
301 244 2
301 428 2
301 246 2
301 246 2
301 246 2
301 246 2
302 305 2
302 305 2
303 44 1
303 313 1
303 494 2
303 44 2
303 313 2
303 313 2
303 313 2
303 313 2
303 44 2
303 313 2
303 313 2
303 313 2
303 313 2
303 313 2
303 313 2
303 246 2
303 246 2
304 302 2
305 299 1
305 296 1
305 296 1
305 296 1
305 296 2
305 492 2
305 303 2
305 296 2
305 241 2
305 304 2
305 299 2
305 192 2
305 299 2
305 302 2
305 302 2
305 302 2
305 302 2
305 192 2
305 302 2
305 302 2
306 492 2
306 337 1
306 450 2
306 385 2
307 244 2
307 299 2
307 299 2
307 244 2
307 290 2
307 36 2
307 36 2
307 244 2
307 514 2
307 487 2
307 343 2
307 514 2
308 313 1
308 467 1
308 290 2
308 313 2
308 338 2
308 338 2
308 313 2
308 35 2
308 313 2
308 290 2
311 336 1
311 336 1
311 336 1
311 336 1
311 487 2
312 44 1
312 482 2
312 44 2
313 45 1
313 232 2
313 497 2
313 482 2
313 44 2
313 45 2
314 358 1
314 34 2
314 267 2
314 338 2
314 267 2
314 492 2
314 36 2
314 246 2
314 333 2
314 326 2
314 310 2
314 310 2
314 535 2
314 244 2
314 246 2
314 246 2
314 220 2
314 246 1
316 359 1
316 359 1
316 343 2
316 320 2
316 343 2
316 343 2
316 359 2
317 482 2
317 290 1
318 313 1
318 312 2
318 290 1
318 290 2
318 338 2
320 44 1
320 343 2
320 130 2
320 44 2
320 130 2
320 130 2
320 130 2
325 44 1
325 421 2
325 482 2
325 533 2
325 320 1
325 343 2
325 343 2
325 533 2
325 241 2
325 267 2
325 320 1
325 320 1
325 130 2
325 320 1
325 320 2
325 320 2
325 44 2
325 421 2
326 368 1
326 246 2
326 246 2
326 246 2
326 494 2
326 246 2
326 267 2
326 333 2
326 494 2
326 267 2
326 267 2
326 267 2
326 246 1
326 343 2
327 467 1
329 328 1
329 260 2
329 253 2
329 330 2
329 457 2
329 354 2
329 260 2
329 37 1
329 457 2
329 37 1
329 37 1
329 331 2
329 37 2
329 260 2
329 253 2
329 37 2
329 492 2
329 476 2
329 354 2
329 39 2
329 465 2
329 354 2
329 37 2
329 37 2
329 338 2
329 37 1
329 338 2
329 37 2
329 253 2
329 337 2
329 337 2
329 37 2
329 492 2
329 328 2
329 328 2
329 37 1
329 37 2
329 337 2
329 37 1
329 37 2
329 37 1
329 338 2
329 37 2
329 492 2
329 37 1
329 327 2
329 327 2
329 263 2
329 37 1
330 478 2
330 34 2
330 331 2
330 331 2
331 313 2
331 313 2
331 345 2
331 34 2
331 34 1
331 46 2
331 36 2
331 37 2
331 34 2
331 345 2
331 34 2
331 34 2
331 33 2
331 482 2
331 329 2
331 329 2
333 332 2
333 332 2
334 253 2
334 354 2
334 492 2
334 345 2
334 354 2
334 253 2
334 492 2
334 476 2
334 471 2
334 432 2
334 492 2
334 237 2
334 432 2
334 260 2
334 44 2
334 349 2
334 345 2
334 331 2
334 331 2
334 338 2
334 345 2
334 331 2
334 253 2
334 33 2
334 33 2
334 260 2
334 492 2
334 253 2
334 345 2
334 331 2
334 37 2
334 338 2
334 492 2
334 345 2
334 331 2
334 34 2
336 471 1
336 492 1
336 263 2
336 492 2
336 492 2
336 421 2
336 492 2
336 492 2
336 465 2
336 492 2
336 313 2
336 449 2
336 405 2
336 405 2
336 458 2
336 482 2
336 471 2
337 450 2
337 450 2
337 358 2
337 358 2
338 35 1
338 337 1
339 343 2
339 408 2
339 408 2
339 197 2
339 197 2
340 341 1
340 341 2
342 341 1
342 401 2
343 477 1
343 477 1
343 192 1
343 366 1
343 366 1
343 344 1
343 287 1
343 359 1
343 359 1
343 359 1
343 359 1
343 276 1
343 435 1
343 469 1
343 369 1
343 345 2
343 482 2
343 345 2
343 345 2
343 435 2
343 477 2
343 346 2
343 241 2
343 351 2
343 250 2
343 347 2
343 485 2
343 485 2
343 360 2
343 485 2
343 434 2
343 492 2
343 360 2
343 357 2
343 481 2
343 242 1
343 354 2
343 129 2
343 469 2
343 345 2
343 336 2
343 504 2
343 469 2
343 202 2
343 435 2
343 129 2
343 208 2
343 297 2
343 242 1
343 2 2
343 263 2
343 435 2
343 242 1
343 360 2
343 357 2
343 2 2
343 354 2
343 276 2
343 241 2
343 504 2
343 202 2
343 469 2
343 360 2
343 354 2
343 267 2
343 2 2
343 242 2
343 267 2
343 336 2
343 435 2
343 267 2
343 267 2
343 319 2
343 347 2
343 533 2
343 351 2
343 409 2
343 533 2
343 241 2
343 300 2
343 300 2
343 250 2
343 520 2
343 533 2
343 246 2
343 475 2
343 475 2
343 533 2
343 276 2
343 360 2
343 360 2
343 246 2
343 351 2
343 475 2
343 475 2
343 246 2
343 351 2
343 533 2
343 533 2
343 533 2
343 533 2
343 347 2
343 520 2
343 475 2
343 533 2
343 347 2
343 276 2
343 360 2
343 351 2
343 347 2
343 2 2
343 360 2
343 398 2
343 351 2
343 347 2
343 477 2
343 242 1
343 369 2
343 241 2
343 354 2
343 334 2
343 241 2
343 360 2
343 2 2
343 398 2
343 211 2
343 129 2
343 241 2
343 360 2
343 369 2
343 533 2
343 347 2
343 351 2
343 485 2
343 477 2
343 351 2
343 485 2
343 492 2
343 485 2
343 334 2
343 351 2
343 272 2
343 288 2
343 272 2
343 2 2
343 360 2
343 533 2
343 360 2
343 360 2
343 359 2
343 528 2
343 272 2
343 288 2
343 533 2
343 533 2
343 129 2
343 276 2
343 208 2
343 276 2
343 272 2
343 533 2
343 244 2
343 255 2
343 255 2
343 385 2
343 334 2
343 246 2
343 533 2
343 475 2
343 475 2
343 533 2
343 535 2
343 306 2
343 533 2
343 471 2
343 287 1
343 533 2
343 347 2
343 535 2
343 250 2
343 385 2
343 348 2
343 360 2
343 207 2
343 202 2
343 533 2
343 351 2
343 351 2
343 242 1
343 202 2
343 360 2
343 485 2
343 351 2
343 434 2
343 192 2
343 369 2
343 241 2
343 192 2
343 487 2
343 366 2
343 241 2
343 360 2
343 485 2
343 533 2
343 192 2
343 351 2
343 360 2
343 192 2
343 345 2
343 354 2
343 435 2
343 242 1
343 354 2
343 351 2
343 345 2
343 347 2
343 533 2
343 129 2
343 129 2
343 360 2
343 351 2
343 520 2
343 533 2
343 520 2
343 360 2
343 259 2
343 475 2
343 512 2
343 520 2
343 517 2
343 347 2
343 250 2
343 533 2
343 535 2
343 299 2
343 428 2
343 246 2
343 385 2
343 533 2
343 385 2
343 299 2
343 385 2
343 385 2
343 533 2
343 306 2
343 272 2
343 192 2
343 272 2
343 241 2
343 359 2
343 351 2
343 192 2
343 242 2
343 360 2
343 346 2
343 242 1
343 242 1
343 475 2
343 360 2
343 366 2
343 360 2
343 241 2
343 2 2
343 244 2
343 242 1
343 533 2
343 351 2
343 129 2
343 360 2
343 359 2
343 489 2
343 207 2
343 202 2
343 485 2
343 272 2
343 533 2
343 326 2
343 347 2
343 533 2
343 267 2
343 192 2
343 485 2
343 458 2
343 533 2
343 458 2
343 458 2
343 458 2
343 533 2
343 458 2
343 458 2
343 533 2
343 385 2
343 192 2
343 533 2
343 533 2
343 533 2
343 533 2
343 299 2
343 385 2
343 535 2
343 246 2
343 246 2
343 192 2
343 535 2
343 348 2
343 250 2
343 347 2
343 485 2
343 522 2
343 385 2
343 365 2
343 385 2
343 385 2
343 250 2
343 485 2
343 347 2
343 250 2
343 533 2
343 514 2
343 518 2
343 385 2
343 207 2
343 489 2
343 207 2
343 489 2
343 202 2
343 469 2
343 489 2
343 469 1
343 489 2
343 533 2
343 485 2
343 334 2
343 485 2
343 272 2
343 229 2
343 229 2
343 229 2
343 202 2
343 207 2
343 409 2
343 207 2
343 202 2
343 202 2
343 207 2
343 533 2
343 533 2
343 533 2
343 533 2
343 272 2
343 202 2
343 207 2
343 409 2
343 354 2
343 351 2
343 241 2
343 365 2
343 246 2
343 354 2
343 360 2
343 339 2
343 480 2
343 339 2
343 197 2
343 360 2
343 502 2
343 408 2
343 272 2
343 533 2
343 192 2
343 502 2
343 241 2
344 492 2
345 336 1
345 479 1
345 260 2
345 253 2
345 125 2
345 236 2
345 479 2
345 479 2
345 479 2
345 476 2
345 336 2
345 532 2
345 331 2
345 354 2
345 37 2
345 253 2
345 257 2
345 479 2
345 253 2
345 354 2
346 478 2
346 244 2
347 514 2
347 492 2
347 492 2
347 349 2
347 514 2
347 349 2
347 349 2
348 337 1
348 450 2
348 238 2
348 337 1
349 345 2
349 267 2
350 365 2
350 418 2
352 343 1
354 257 1
354 345 1
354 345 2
354 33 2
354 257 1
354 345 2
354 476 2
354 462 2
354 534 2
354 375 2
354 337 2
354 260 2
354 343 2
354 374 2
354 465 2
354 334 2
354 374 2
354 31 2
354 31 2
354 383 2
354 257 1
354 375 2
354 222 2
354 345 2
354 32 2
354 375 2
354 338 2
354 534 2
354 345 2
354 331 2
354 331 2
354 331 2
354 385 2
354 375 2
354 375 2
354 32 2
354 375 2
354 376 2
355 240 1
355 416 1
355 416 1
355 416 1
355 358 1
355 345 2
355 354 2
355 345 2
355 354 2
355 370 2
355 476 2
355 418 2
355 418 2
355 418 2
355 345 2
355 345 2
355 354 2
355 416 2
355 416 2
355 416 2
355 416 2
355 492 2
355 458 2
355 416 2
355 458 2
355 416 2
355 492 2
355 492 2
355 405 2
355 240 2
355 492 2
355 405 2
355 405 2
355 405 2
355 345 2
355 461 2
355 260 2
355 345 2
355 260 2
355 240 2
355 416 2
355 416 2
355 492 2
355 260 2
355 358 2
355 378 2
355 260 2
355 260 2
355 260 2
355 458 2
355 416 2
355 416 2
355 416 2
355 458 2
355 416 2
355 378 2
355 416 2
355 416 2
355 459 2
355 365 2
355 459 2
355 416 2
355 416 2
355 492 2
355 416 2
355 416 2
355 240 2
355 356 2
355 356 2
357 481 1
357 481 1
357 343 2
357 241 2
357 343 2
357 343 2
357 360 2
357 481 2
357 333 1
357 333 2
357 343 2
359 226 1
359 226 1
359 228 1
359 440 1
359 440 1
359 226 1
359 440 1
359 440 1
359 440 1
359 440 1
359 440 1
359 435 1
359 228 1
359 226 1
359 228 1
359 226 1
359 228 1
359 228 1
359 129 2
359 241 2
359 267 2
359 533 2
359 343 2
359 241 2
359 267 2
359 343 2
359 343 2
359 435 2
359 343 2
359 360 2
359 360 2
359 228 2
359 343 2
359 343 2
359 246 2
359 226 2
360 231 1
360 231 1
360 359 1
360 441 1
360 127 1
360 540 1
360 126 1
360 129 2
360 241 2
360 241 2
360 492 2
360 343 2
360 359 2
360 226 2
360 343 2
360 225 2
360 226 2
360 359 2
360 343 2
360 2 2
360 359 2
360 343 2
360 359 2
360 359 2
360 248 2
360 242 2
360 343 2
360 2 2
360 129 2
360 225 2
360 225 2
360 343 2
360 346 2
360 346 2
360 225 2
360 225 2
360 225 2
363 366 2
363 366 2
363 337 2
365 492 2
365 492 2
366 457 2
366 245 2
367 368 1
367 368 1
367 478 2
367 368 1
369 366 1
369 366 1
369 366 1
369 366 1
369 366 1
369 366 1
369 366 1
369 366 1
369 366 1
369 368 1
369 492 2
369 457 2
369 478 2
369 368 2
369 368 2
369 368 1
369 366 2
369 366 2
369 366 2
369 366 2
369 366 2
369 366 2
369 366 2
369 366 2
369 366 2
369 366 2
369 366 2
369 366 2
369 366 2
369 366 2
369 366 2
369 366 2
369 366 2
369 366 2
369 366 2
369 366 2
369 366 2
369 366 2
369 366 2
369 366 2
369 366 2
369 366 2
369 366 2
369 366 2
369 366 2
369 366 2
369 366 2
369 366 2
369 366 2
369 366 2
369 366 2
369 366 2
369 366 2
369 366 2
369 366 2
369 366 2
369 366 2
369 368 2
369 366 2
369 366 2
369 366 2
369 366 2
369 368 2
369 368 1
369 366 2
369 366 2
369 366 2
369 366 2
369 366 2
369 368 1
369 368 2
369 287 1
369 366 2
369 366 2
369 366 2
369 366 2
369 366 2
369 366 2
370 478 2
370 365 2
370 263 2
370 423 2
370 313 2
372 354 1
372 354 1
372 329 2
372 253 2
372 253 2
372 345 2
372 337 2
372 337 2
372 375 1
372 375 2
372 534 2
372 534 2
372 375 2
372 385 2
372 257 2
372 237 2
372 257 2
372 338 2
372 338 2
372 37 2
372 376 2
372 345 2
372 354 2
372 354 1
372 492 2
372 337 2
372 534 2
372 534 2
372 534 2
372 458 2
372 458 2
372 458 2
372 358 2
372 458 2
372 345 2
372 456 2
372 345 2
372 456 2
373 467 1
374 354 1
374 354 1
374 354 2
374 354 2
374 458 2
374 354 2
374 354 2
374 458 2
374 458 2
374 376 2
374 354 2
374 354 2
374 354 2
374 354 2
374 354 1
374 459 2
374 459 2
374 345 2
374 354 2
374 354 2
374 354 2
374 354 2
374 354 1
374 354 1
374 466 2
375 354 1
375 354 1
375 354 1
375 354 2
375 354 2
375 354 2
375 354 1
375 354 1
375 354 1
375 354 2
375 354 2
375 354 1
375 354 2
375 32 2
375 345 2
375 354 2
375 354 1
375 385 2
375 354 2
375 354 1
376 459 2
376 459 2
376 459 2
376 337 2
376 363 2
376 363 2
376 363 2
376 363 2
376 458 2
376 458 2
376 432 2
376 334 2
376 33 2
376 432 2
376 306 2
376 33 2
377 354 1
377 354 1
377 329 2
377 345 2
377 375 1
377 338 2
377 375 2
377 222 2
377 375 2
377 534 2
377 354 2
377 354 1
377 534 2
378 416 1
378 416 2
378 461 2
378 461 2
379 337 2
380 358 1
380 358 1
380 358 1
380 416 1
380 416 1
380 358 2
380 416 2
380 260 2
380 416 2
380 358 2
381 492 1
381 358 1
381 416 1
381 358 1
381 358 1
381 492 1
381 458 2
381 458 2
381 492 2
381 458 2
381 416 2
381 458 2
381 458 2
381 358 2
381 458 2
381 456 2
381 456 2
381 456 2
381 456 2
381 458 2
381 458 2
381 349 2
381 250 2
381 458 2
381 337 2
381 492 2
381 492 2
381 345 2
381 492 2
381 492 2
381 492 2
381 416 1
381 416 2
381 358 2
381 416 2
381 380 2
381 380 2
381 257 2
381 416 2
381 358 2
381 416 2
381 416 1
382 345 2
382 345 2
382 345 2
382 338 2
382 37 2
382 331 2
382 338 2
382 34 2
382 492 2
382 329 2
382 492 2
382 329 2
382 253 2
382 237 2
382 37 2
382 458 2
382 365 2
382 458 2
382 492 2
382 458 2
382 458 2
382 492 2
382 376 2
382 456 2
382 456 2
383 328 1
383 338 1
383 338 1
383 338 1
383 257 1
383 260 2
383 253 2
383 257 2
383 345 2
383 250 2
383 345 2
383 33 2
383 466 2
383 374 2
383 458 2
383 374 2
383 376 2
383 379 2
383 345 2
383 374 2
383 485 2
383 345 2
383 354 2
383 354 2
383 37 2
383 31 2
383 40 2
383 31 2
383 330 2
383 32 2
383 374 2
383 345 2
383 40 2
383 485 2
383 485 2
383 382 2
383 382 2
383 33 2
383 492 2
383 345 2
383 331 2
383 331 2
383 450 2
383 534 2
383 432 2
383 432 2
383 450 2
383 257 2
383 376 2
383 338 2
383 338 2
383 492 2
383 358 2
383 250 2
383 492 2
383 471 2
383 471 2
383 471 2
383 471 2
383 348 2
383 381 2
383 253 2
383 253 2
383 472 2
383 334 2
383 300 2
383 300 2
383 354 2
383 329 2
383 260 2
383 260 2
383 260 2
383 260 2
383 329 2
383 365 2
383 382 2
383 382 2
383 382 2
383 382 2
383 33 2
383 33 2
383 382 2
383 415 2
383 382 2
383 376 2
383 382 2
383 382 2
383 345 2
383 382 2
383 382 2
383 382 2
383 331 2
383 382 2
383 382 2
383 348 2
383 534 2
383 40 2
383 534 2
383 257 2
383 260 2
383 253 2
383 260 2
383 222 2
383 222 2
383 345 2
383 257 2
383 222 2
383 376 2
383 260 2
383 33 2
383 33 2
383 260 2
384 354 1
384 354 2
384 354 2
384 345 2
385 358 1
385 358 1
385 354 1
385 354 2
385 345 2
385 337 2
385 337 2
385 450 2
385 450 2
385 337 2
385 450 2
385 376 2
385 450 2
385 358 2
385 337 2
385 462 2
385 358 2
385 376 2
385 358 2
385 376 2
385 348 2
385 348 2
385 347 2
385 354 2
385 358 2
385 450 2
385 358 2
385 354 2
386 257 1
386 354 1
386 354 1
386 257 1
386 257 1
386 222 2
386 222 2
386 345 2
386 354 2
386 337 2
386 375 1
386 375 2
386 534 2
386 534 2
386 534 2
386 457 2
386 345 2
386 222 2
386 354 2
386 354 1
386 354 2
386 354 1
386 354 2
386 354 1
388 354 1
388 358 1
388 354 1
388 534 1
388 345 2
388 354 2
388 345 2
388 462 2
388 462 2
388 331 2
388 462 2
388 534 2
388 462 2
388 534 2
388 534 2
388 37 2
388 534 2
388 534 2
388 534 2
388 338 2
388 338 2
388 34 2
388 452 2
388 452 2
388 452 2
388 423 2
388 348 2
388 334 2
388 222 2
388 253 2
388 222 2
388 222 2
388 222 2
388 253 2
388 32 2
388 329 2
388 329 2
388 260 2
388 375 1
388 375 2
388 385 2
388 375 2
388 375 2
388 365 2
388 33 2
388 375 2
388 375 2
388 462 2
388 532 2
388 345 2
388 331 2
388 354 2
388 354 1
388 354 2
388 354 1
388 471 2
389 345 2
389 345 2
389 253 2
389 354 2
389 471 2
389 354 2
389 253 2
390 331 2
390 331 2
390 375 1
390 534 2
390 462 2
390 375 2
390 534 2
390 33 2
390 375 2
390 534 2
390 33 2
390 432 2
390 375 2
390 432 2
390 338 2
390 376 2
390 345 2
390 331 2
391 338 1
391 260 2
391 33 2
391 33 2
391 331 2
391 331 2
391 375 1
391 462 2
391 375 2
391 534 2
391 33 2
391 375 2
391 33 2
391 432 2
391 375 2
391 432 2
391 338 2
391 376 2
391 345 2
391 331 2
392 329 2
392 259 2
392 329 2
392 328 2
392 492 2
392 259 2
392 259 2
393 492 2
393 482 2
393 395 2
393 229 2
393 229 2
393 396 2
395 345 2
395 472 2
395 409 2
395 192 2
395 343 2
395 241 2
395 369 2
395 343 2
395 312 2
396 445 1
396 393 2
396 399 2
396 445 2
396 407 2
396 312 2
396 482 2
396 445 2
396 445 2
396 399 2
396 445 2
396 399 2
396 393 2
396 393 2
396 399 2
396 399 2
396 399 2
396 393 2
396 399 2
396 393 2
398 479 1
398 354 2
398 479 2
398 479 2
398 479 2
398 479 2
398 472 2
398 397 2
398 397 2
398 394 2
398 472 2
398 394 2
398 394 2
398 394 2
398 394 2
398 394 2
398 394 2
398 397 2
398 459 2
398 459 2
398 459 2
399 228 1
399 482 2
399 395 2
399 398 2
399 409 2
399 343 2
399 369 2
399 241 2
399 343 2
399 444 2
399 445 2
399 228 2
399 445 2
401 444 1
401 248 1
401 248 1
401 492 2
401 470 2
401 402 2
401 470 2
401 470 2
401 470 2
401 470 2
401 492 2
401 470 2
401 402 2
401 248 2
401 248 2
401 248 2
401 470 2
401 470 2
401 470 2
401 402 2
401 470 2
401 470 2
401 470 2
401 470 2
401 470 2
401 470 2
401 492 2
401 444 2
401 470 2
401 470 2
401 470 2
401 470 2
401 470 2
401 470 2
401 470 2
401 470 2
401 470 2
401 470 2
401 263 2
401 470 2
401 470 2
401 470 2
401 470 2
401 263 2
403 492 2
403 482 2
403 482 2
404 130 2
404 343 2
404 492 2
404 241 2
404 267 2
405 492 2
405 492 2
406 337 1
407 228 1
407 492 2
407 343 2
407 482 2
407 192 1
407 324 2
407 482 2
407 495 1
407 333 2
407 232 2
407 192 2
407 232 2
407 232 2
407 343 2
408 287 1
408 399 1
408 492 1
408 492 1
408 409 1
408 410 1
408 410 1
408 409 2
408 343 2
408 409 2
408 343 2
408 396 2
408 492 2
408 492 2
408 396 2
408 241 2
408 369 2
408 366 2
408 241 2
408 407 2
408 192 2
408 495 2
408 369 2
408 343 2
408 343 2
408 480 2
408 430 2
408 407 1
408 396 2
408 409 2
408 413 2
408 409 2
408 343 2
408 410 2
408 343 2
408 272 2
408 244 2
408 407 2
408 396 2
408 396 2
408 407 2
408 354 2
408 244 2
408 495 2
408 407 1
408 407 2
408 396 2
408 430 2
408 430 2
408 192 2
408 412 2
408 430 2
408 407 2
408 430 2
408 412 2
408 412 2
408 412 2
408 412 2
408 244 2
408 287 1
408 244 2
408 241 2
408 369 2
408 244 2
408 287 1
408 472 2
408 268 2
408 396 2
408 343 2
408 397 2
408 268 2
408 396 2
408 472 2
408 396 2
408 287 1
408 407 2
408 287 1
408 407 1
408 244 2
408 244 2
408 244 2
408 244 2
408 407 1
408 244 2
408 533 2
408 430 2
408 241 2
408 443 2
408 343 2
408 278 2
408 192 2
408 430 2
408 430 2
408 430 2
408 192 2
409 343 2
409 268 2
409 472 2
409 268 2
409 268 2
409 268 2
409 472 2
409 268 2
409 268 2
409 397 2
409 268 2
409 472 2
409 480 2
409 337 2
409 268 2
409 472 2
409 480 2
409 268 2
409 398 2
409 398 2
409 398 2
409 398 2
409 480 2
409 480 2
410 331 2
410 409 2
410 337 2
410 331 2
410 33 2
410 343 2
410 338 2
410 331 2
411 412 1
411 412 1
412 409 2
412 343 2
412 337 2
412 457 2
412 534 2
412 192 2
413 467 1
413 412 2
414 257 1
414 534 2
414 237 1
414 471 2
415 240 1
415 358 1
415 492 1
415 358 1
415 358 2
415 365 2
415 381 2
415 240 2
415 345 2
415 381 2
415 492 2
415 260 2
415 365 2
415 492 2
415 358 2
415 345 2
415 240 1
415 265 1
415 240 2
416 358 1
416 417 2
416 345 2
416 458 2
417 358 1
417 381 2
417 381 1
417 381 2
417 381 1
417 381 1
417 381 2
417 381 1
417 458 2
417 458 2
417 381 2
417 492 2
417 381 2
417 381 1
417 381 1
417 381 1
418 355 1
418 492 1
418 492 1
418 416 1
418 416 1
418 358 1
418 416 2
418 365 2
418 355 1
418 365 2
418 355 2
418 355 2
418 492 2
418 355 1
418 365 2
418 416 2
418 358 2
418 492 2
418 365 2
418 492 2
418 239 2
418 492 2
418 365 2
418 492 2
418 492 2
418 492 2
419 310 1
419 310 2
419 310 2
419 310 2
419 310 2
419 492 2
419 310 2
419 492 2
419 310 2
419 420 2
419 310 2
419 345 2
419 310 2
419 238 2
419 420 2
419 310 2
420 515 1
422 358 1
422 338 1
422 343 1
422 338 1
422 197 1
422 197 1
422 200 2
422 245 1
422 245 2
422 245 2
422 482 2
422 245 1
422 366 2
422 245 1
422 245 1
422 200 2
422 245 1
422 253 2
422 337 2
422 245 1
422 287 1
422 245 1
422 343 2
422 287 1
422 533 2
422 343 2
422 349 2
422 343 2
422 347 2
422 245 1
422 343 2
422 287 1
422 287 1
422 368 2
422 286 2
422 253 2
422 286 2
423 257 1
423 257 2
423 257 2
423 257 2
423 253 2
423 257 2
423 253 2
423 334 2
423 492 2
423 492 2
423 492 2
424 123 1
424 123 1
424 264 2
424 263 2
424 264 2
424 264 2
424 264 2
424 123 2
424 123 2
424 123 2
424 123 2
424 123 2
425 427 1
425 427 1
426 44 1
426 44 2
426 482 2
427 435 1
427 435 1
427 479 1
427 423 1
427 492 2
427 492 2
427 479 2
427 479 2
427 479 2
427 492 2
427 435 2
427 492 2
427 479 2
427 123 2
427 263 2
427 479 2
428 494 2
428 246 1
428 246 2
428 494 2
428 246 1
428 494 2
428 267 2
428 246 2
428 494 2
428 246 1
428 492 2
428 494 2
428 514 2
428 514 2
428 246 1
429 492 2
429 244 1
429 492 2
429 244 1
429 244 1
429 244 1
429 492 2
430 492 2
430 408 2
430 244 2
430 244 2
430 343 2
431 307 1
431 343 2
431 307 2
431 492 2
431 241 2
431 343 2
431 343 2
431 307 2
431 307 1
432 337 2
433 437 1
434 354 1
434 465 2
434 241 2
434 345 2
434 345 2
434 354 2
434 354 1
435 492 2
435 241 2
435 263 2
435 343 2
435 487 2
436 435 1
436 344 1
436 241 2
436 359 1
436 343 2
436 343 2
436 333 2
436 267 2
436 359 1
436 343 2
436 334 2
436 404 2
436 435 2
436 533 2
436 343 2
436 359 1
436 359 1
436 359 1
436 404 2
436 334 2
436 343 2
437 492 2
438 478 2
438 345 2
438 345 2
438 354 2
438 465 2
438 202 2
438 343 2
438 208 2
438 343 2
438 207 2
438 207 2
438 359 2
438 207 2
439 438 2
439 438 2
439 438 2
441 451 1
441 228 1
441 360 1
441 360 1
441 360 1
441 359 1
441 359 1
441 359 1
441 344 1
441 445 1
441 445 1
441 445 2
441 445 2
441 343 2
441 360 2
441 445 2
441 343 2
441 208 2
441 225 2
441 343 2
441 225 2
441 360 2
441 454 2
441 225 2
441 445 2
441 343 2
441 225 2
441 360 2
441 454 2
441 454 2
441 445 2
441 225 2
441 343 2
441 225 2
441 225 2
441 225 2
441 343 2
441 360 2
441 451 2
441 225 2
441 202 2
441 344 2
441 225 2
441 225 2
441 445 2
441 454 2
441 343 2
441 225 2
441 263 2
441 225 2
441 225 2
441 225 2
441 492 2
441 225 2
441 225 2
441 225 2
441 228 2
441 225 2
441 474 2
441 343 2
441 360 2
441 276 2
441 325 2
441 343 2
441 241 2
441 445 2
441 445 2
441 369 2
441 343 2
441 445 2
441 445 2
441 225 2
442 338 1
442 338 1
442 338 1
442 338 1
442 373 1
442 338 1
442 343 1
442 343 1
442 343 2
442 343 2
442 533 2
442 299 2
442 192 2
442 297 2
442 297 2
442 348 2
442 518 2
442 250 2
442 520 2
442 520 2
442 471 2
442 343 2
442 257 2
442 257 2
442 242 2
442 534 2
442 534 2
442 338 2
442 499 2
442 343 2
442 337 2
442 414 2
442 534 2
442 343 2
442 346 2
443 359 1
443 359 1
443 359 1
443 343 2
443 343 2
443 343 2
443 297 2
443 192 2
443 533 2
443 297 2
443 297 2
443 343 2
443 246 1
443 533 2
443 241 2
443 272 2
443 343 2
443 343 2
443 343 2
443 343 2
443 343 2
443 533 2
443 287 1
443 272 2
443 272 2
443 343 2
443 343 2
445 492 2
446 359 1
446 267 2
446 241 2
446 343 2
446 533 2
446 343 2
446 192 2
446 369 2
446 241 2
446 502 2
449 487 2
449 465 2
450 260 2
450 345 2
450 44 2
450 476 2
451 487 2
453 287 1
453 359 1
453 287 1
453 343 2
453 287 1
453 245 2
453 276 2
453 278 2
453 245 2
453 245 2
453 343 2
453 360 2
453 276 2
453 278 2
455 246 2
455 246 2
455 246 2
455 428 2
455 428 2
455 246 2
455 246 2
455 267 2
455 246 2
455 246 2
455 246 2
455 246 2
455 246 2
455 428 2
455 428 2
457 478 2
459 458 2
459 458 2
459 458 2
459 458 2
459 458 2
459 458 2
459 458 2
462 358 1
462 534 2
462 432 2
467 478 1
467 478 2
470 228 1
471 253 2
471 253 2
471 253 2
471 253 2
471 237 2
471 337 2
471 414 2
471 253 2
472 337 2
472 337 2
472 480 2
475 337 2
475 337 2
475 337 2
475 337 2
475 337 2
476 354 2
480 432 2
480 432 2
480 534 2
480 534 2
480 337 2
482 130 2
482 130 2
482 130 2
482 130 2
482 458 2
482 458 2
482 458 2
489 343 2
489 354 2
489 343 2
489 354 2
490 476 2
490 476 2
490 476 2
490 476 2
491 492 2
491 492 2
491 533 2
491 487 2
492 338 1
492 471 2
492 508 2
492 458 2
492 253 2
492 345 2
492 345 2
492 337 2
492 329 2
492 280 2
492 33 2
492 259 2
492 33 2
492 432 2
492 432 2
492 345 2
492 33 2
492 345 2
492 345 2
492 331 2
492 345 2
492 345 2
492 280 2
492 331 2
492 331 2
493 228 1
493 343 2
493 192 2
493 445 2
493 445 2
493 445 2
493 495 2
493 445 2
493 445 2
493 445 2
493 192 1
493 192 2
493 495 2
493 445 2
493 492 2
493 228 2
493 445 2
493 192 2
493 445 2
493 343 2
495 451 1
495 469 1
495 494 2
495 494 2
495 484 2
495 192 2
495 192 2
495 192 2
495 192 2
495 451 2
495 484 2
495 484 2
495 492 2
495 492 2
495 492 2
495 492 2
495 492 2
495 192 2
495 192 2
495 192 2
495 333 1
495 333 1
495 333 1
495 333 1
495 469 2
495 484 2
495 333 2
495 333 1
495 333 1
495 333 1
496 248 1
496 493 2
496 248 2
496 493 2
496 343 2
496 493 2
496 343 2
496 343 2
498 44 1
498 244 2
498 244 1
498 44 2
498 244 2
498 44 2
499 344 1
499 333 1
499 492 1
499 435 1
499 492 1
499 492 1
499 228 1
499 492 2
499 343 2
499 343 2
499 435 2
499 313 2
499 333 1
499 313 2
499 241 2
499 492 2
499 492 2
499 333 1
499 333 1
499 241 2
499 333 1
499 430 2
499 244 2
499 343 2
499 430 2
499 492 2
499 299 2
499 430 2
499 492 2
499 263 2
499 244 2
499 492 2
499 333 1
499 313 2
499 322 2
499 322 2
499 322 2
499 322 2
499 299 2
499 299 2
499 492 2
499 241 2
499 333 1
499 244 2
499 244 2
499 492 2
499 45 2
499 492 2
499 34 2
499 331 2
499 333 1
499 354 2
499 488 2
499 244 2
499 241 2
499 241 2
499 244 2
499 343 2
499 267 2
499 501 2
499 244 2
499 500 2
499 500 2
499 244 2
499 241 2
499 488 2
499 501 2
501 192 1
501 192 1
501 192 1
502 492 1
502 492 1
502 192 2
502 369 2
502 241 2
502 407 2
502 192 2
502 495 2
502 407 1
502 430 2
502 430 2
502 430 2
502 407 2
502 407 2
502 343 2
502 343 2
502 492 2
502 343 2
502 343 2
502 528 2
502 343 2
502 343 2
502 343 2
502 492 2
502 492 2
502 533 2
502 343 2
503 482 2
503 482 2
503 492 2
503 243 2
503 243 2
503 243 2
503 243 2
503 243 2
503 243 2
503 243 2
503 243 2
503 243 2
503 492 2
503 243 2
504 44 1
504 130 1
504 359 1
504 469 1
504 359 1
504 360 1
504 228 1
504 228 1
504 130 2
504 343 2
504 482 2
504 469 2
504 130 2
504 130 2
504 44 2
504 130 2
504 44 2
504 241 2
504 267 2
504 267 2
504 267 2
504 360 2
504 343 2
504 360 2
504 360 2
504 241 2
504 267 2
504 492 2
504 343 2
504 360 2
504 241 2
504 343 2
504 369 2
504 360 2
504 502 2
504 502 2
504 502 2
505 343 2
505 248 2
505 192 2
505 267 2
505 241 2
505 343 2
505 495 1
505 192 1
505 343 2
505 192 1
505 192 1
505 192 2
505 343 2
507 482 2
510 44 1
510 287 1
510 366 1
510 409 2
510 343 2
510 409 2
510 343 2
510 492 2
510 443 2
510 493 2
510 493 1
510 523 2
510 523 2
510 519 2
510 495 2
510 493 2
510 192 2
510 521 2
510 287 1
510 493 1
510 493 2
510 481 2
510 482 2
510 481 2
510 366 2
510 241 2
510 369 2
510 241 2
510 44 2
510 130 2
510 130 2
510 495 1
511 349 1
511 492 2
511 349 1
512 349 1
513 241 2
513 267 2
513 514 1
513 514 2
514 495 1
514 343 2
514 482 2
514 343 2
514 343 2
514 343 2
514 343 2
514 492 2
514 247 2
514 247 2
514 247 2
514 437 2
514 437 2
514 492 2
514 247 2
514 247 2
514 247 2
514 247 2
514 343 2
514 343 2
514 515 1
516 259 2
516 259 2
516 259 2
517 349 2
518 329 1
518 241 2
518 514 2
518 329 2
518 482 2
518 290 2
518 308 2
518 348 2
518 241 2
519 533 2
519 345 2
519 345 2
519 343 2
519 331 2
519 281 2
519 259 2
519 532 2
519 241 2
519 272 2
519 533 2
519 272 2
519 343 2
519 343 2
519 345 2
519 34 2
519 331 2
519 307 1
520 343 2
520 347 2
520 343 2
520 475 2
520 343 2
520 343 2
520 475 2
520 347 2
520 349 2
521 494 2
521 241 2
521 241 2
521 523 2
521 523 2
521 532 2
521 437 2
522 287 1
522 343 2
522 272 2
522 343 2
522 343 2
522 347 2
522 520 2
522 517 2
522 349 2
522 250 2
522 343 2
522 347 2
522 347 2
522 343 2
522 533 2
522 343 2
522 343 2
522 495 1
522 238 2
523 492 2
526 510 2
526 510 2
526 521 2
526 337 2
526 345 2
526 521 2
526 421 2
526 409 2
526 343 2
526 521 2
526 510 2
526 493 2
526 510 1
527 529 1
527 525 2
527 529 1
527 529 2
527 529 1
527 37 2
528 347 1
528 345 2
528 345 2
528 345 2
528 530 2
528 506 2
528 529 2
528 506 2
528 343 2
528 510 1
528 347 2
528 343 2
528 510 1
528 347 2
528 510 2
528 510 2
528 507 2
528 241 2
528 510 2
528 343 2
528 529 2
528 409 2
528 343 2
528 333 2
528 493 2
528 529 2
528 510 2
528 529 2
528 493 2
528 243 2
528 493 2
528 495 2
528 503 2
528 243 2
528 343 2
528 510 2
528 343 2
528 529 2
528 510 1
529 521 2
529 527 2
529 244 2
529 521 2
529 521 2
529 521 2
529 521 2
529 463 2
530 529 2
530 529 2
530 243 1
530 243 1
530 243 2
530 503 2
530 243 1
530 529 2
530 243 2
530 243 1
530 529 2
530 243 1
530 503 2
530 503 2
530 503 2
531 244 2
532 260 2
532 354 2
532 49 2
532 49 1
532 260 2
532 44 2
532 49 2
532 260 2
532 49 2
532 49 2
532 260 2
532 260 2
532 476 2
532 49 2
532 260 2
532 329 2
532 241 2
532 46 2
532 46 1
532 241 2
532 34 2
532 331 2
532 331 2
532 259 2
532 241 2
532 259 2
532 521 2
532 47 1
532 47 1
533 359 1
533 359 1
533 359 1
533 276 1
533 347 1
533 343 1
533 360 1
533 358 1
533 344 1
533 344 1
533 344 1
533 246 1
533 343 1
533 343 2
533 241 2
533 246 2
533 319 2
533 343 2
533 343 2
533 267 2
533 267 2
533 246 2
533 492 2
533 343 2
533 491 2
533 246 2
533 360 2
533 278 2
533 343 2
533 307 2
533 246 2
533 246 2
533 287 1
533 246 2
533 401 1
533 246 2
533 246 2
533 246 1
533 458 2
533 458 2
533 458 2
533 197 2
533 246 2
533 458 2
533 343 2
533 536 2
533 343 2
533 343 2
533 343 2
533 360 2
533 246 2
533 246 2
533 458 2
533 458 2
533 458 2
533 458 2
533 246 2
533 246 2
533 343 2
533 458 2
533 343 2
533 458 2
533 358 2
533 458 2
533 343 2
533 458 2
533 343 2
533 272 2
533 458 2
533 458 2
533 458 2
533 343 2
533 343 2
533 197 2
533 458 2
533 458 2
533 246 2
533 458 2
533 246 2
533 401 1
533 401 1
533 401 1
533 401 1
533 272 2
533 401 1
533 272 2
533 401 1
533 401 1
533 343 2
533 343 1
533 401 1
533 404 2
533 401 1
533 470 2
533 343 2
533 343 2
533 401 1
533 241 2
533 369 2
533 241 2
533 343 2
533 367 2
533 369 2
533 469 2
533 369 2
533 241 2
533 401 1
533 345 2
533 491 2
533 491 2
533 491 2
533 401 1
533 401 1
533 401 2
533 343 2
533 272 2
533 246 2
533 272 2
533 491 2
533 491 2
533 491 2
533 401 1
533 491 2
533 491 2
533 343 2
533 343 2
533 360 2
533 246 2
533 492 2
533 246 2
533 536 2
533 226 2
533 536 2
533 360 1
533 197 2
533 343 2
533 360 2
533 343 2
533 246 2
533 272 2
533 246 1
533 343 2
533 193 2
533 369 2
533 244 2
533 290 2
533 278 2
533 244 2
533 241 2
533 241 2
533 244 2
533 272 2
533 408 2
533 408 2
533 307 2
533 307 2
533 246 2
533 287 2
533 246 2
533 287 1
533 246 1
533 246 2
533 246 1
533 246 2
533 299 2
533 246 1
533 343 2
533 246 2
533 299 2
533 343 2
533 246 2
533 299 2
533 299 2
533 299 2
533 299 2
533 299 2
533 246 2
533 287 1
533 343 2
533 276 2
533 246 2
533 343 2
533 535 2
533 343 2
533 288 2
533 343 2
533 246 2
533 343 2
533 195 2
533 514 2
533 278 2
533 246 2
533 360 2
533 246 2
533 343 2
533 385 2
533 272 2
533 287 2
533 238 2
533 246 2
533 246 2
533 287 1
533 246 1
533 238 2
533 246 1
533 343 2
533 246 2
533 343 2
533 287 2
533 287 1
533 285 2
533 287 1
533 246 2
533 246 2
533 246 2
533 320 2
533 276 2
533 246 2
533 343 2
533 200 2
533 200 2
533 303 2
533 299 2
533 200 2
533 343 2
533 343 2
533 343 2
533 343 2
533 287 1
533 200 2
533 200 2
533 246 2
533 200 2
533 246 2
533 287 2
533 246 2
533 246 2
533 343 2
533 246 2
533 285 2
533 285 2
533 287 1
533 343 2
533 287 1
533 200 2
533 200 2
533 200 2
533 246 2
533 195 2
533 299 2
533 246 2
533 199 2
533 287 1
533 246 2
533 303 2
533 303 2
533 246 2
533 287 1
533 287 1
533 246 2
533 246 2
533 246 2
533 343 2
533 343 2
533 343 2
533 299 2
533 276 2
533 428 2
533 517 2
533 259 2
533 520 2
533 343 2
533 535 2
533 343 2
533 385 2
533 246 2
533 343 2
533 360 2
533 246 2
533 238 2
533 246 2
533 237 2
533 246 2
533 246 2
533 343 2
533 287 1
533 343 2
533 492 2
533 278 2
533 241 2
533 278 2
533 492 2
533 343 2
533 246 2
533 276 2
533 343 2
533 278 2
533 278 2
533 536 2
533 246 2
533 246 2
533 343 2
533 287 1
533 246 2
533 272 2
533 299 2
533 458 2
533 246 2
533 458 2
533 458 2
533 401 1
533 297 2
533 297 2
533 401 1
533 297 2
533 297 2
533 246 2
533 343 2
533 337 2
533 263 2
533 272 2
533 306 2
533 272 2
533 246 2
533 306 2
533 462 2
533 246 2
533 299 2
533 246 2
533 297 2
533 428 2
533 459 2
533 244 2
533 318 2
533 534 2
533 244 2
533 306 2
533 459 2
533 459 2
533 472 2
533 244 2
533 299 2
533 459 2
533 269 2
533 343 2
533 385 2
533 343 2
533 462 2
533 518 2
533 244 2
533 348 2
533 250 2
533 343 2
533 518 2
533 241 2
533 401 1
533 241 2
533 401 1
533 401 1
533 401 1
533 458 2
533 347 2
533 347 2
533 514 2
533 347 2
534 358 1
534 492 2
534 450 2
534 450 2
534 338 2
534 129 2
534 432 2
535 326 2
535 326 2
535 299 2
535 246 2
535 337 2
535 246 1
536 344 1
536 231 1
536 344 1
536 325 1
536 228 1
536 359 1
536 359 1
536 360 1
536 226 1
536 228 1
536 359 1
536 226 1
536 226 1
536 226 1
536 226 1
536 360 2
536 360 1
536 360 2
536 360 2
536 226 2
536 231 2
536 359 2
536 231 2
536 359 2
536 343 2
536 343 2
536 359 2
536 326 2
536 359 2
536 533 2
536 360 1
536 359 1
536 359 1
536 359 1
536 276 2
536 359 2
536 231 2
536 343 2
536 359 2
536 231 2
536 360 2
536 360 2
536 231 2
536 246 2
536 246 2
536 226 2
536 359 2
536 359 1
536 360 1
31 354 1
540 359 1
540 359 1
540 441 1
540 202 2
540 343 2
540 192 2
540 343 2
540 441 1
540 343 2
540 441 1
540 343 2
540 343 2
540 441 1
540 360 2
540 359 2
540 441 2
541 542 2
541 542 2
541 492 2
541 542 2
541 542 2
541 542 2
544 492 1
544 492 2
544 543 1
544 543 1
544 543 1
544 492 2
544 543 2
544 543 1
544 41 2
545 543 1
545 543 1
545 543 1
545 543 2
124 228 1
124 211 1
124 344 1
4 344 1
125 263 1
129 359 1
129 360 1
547 218 1
547 218 2
547 218 2
548 561 2
548 561 1
548 561 2
548 533 2
548 561 2
548 343 2
548 533 1
548 533 2
548 561 2
548 343 2
548 533 1
549 358 1
549 358 1
549 358 1
549 358 1
549 358 1
549 358 1
549 358 1
549 358 1
549 358 1
549 358 1
549 358 1
549 358 1
549 358 1
549 358 1
549 358 1
549 358 1
549 253 2
549 345 2
549 345 2
549 345 2
549 382 2
549 382 2
549 492 2
549 382 2
549 253 2
549 382 2
549 492 2
549 382 2
549 382 2
549 37 2
549 382 2
549 382 2
549 35 2
549 382 2
549 382 2
549 382 2
550 355 1
550 358 1
550 418 2
550 418 2
550 418 2
550 355 2
550 355 1
550 355 1
550 355 1
555 554 1
555 554 2
556 594 2
559 554 1
559 554 2
560 445 1
560 445 2
560 445 2
560 558 2
560 558 2
560 445 2
560 558 2
560 558 2
560 445 2
560 558 2
560 558 2
560 558 2
560 558 2
560 445 2
560 558 2
560 558 2
560 445 2
560 558 2
560 558 2
560 445 2
560 558 2
560 558 2
560 445 2
560 558 2
560 558 2
560 558 2
560 558 2
560 558 2
561 564 1
561 492 2
561 591 2
561 591 2
561 594 2
561 591 2
561 556 2
561 471 2
561 566 1
561 166 1
561 566 1
561 564 1
561 564 1
561 166 1
561 564 1
561 166 1
561 166 1
561 564 1
561 567 1
561 564 1
561 166 1
561 166 1
561 564 1
561 358 2
561 591 2
561 594 2
561 358 2
561 345 2
561 465 2
561 345 2
561 354 2
561 354 2
561 576 2
561 594 2
561 343 2
561 360 2
561 241 2
561 594 2
561 579 2
561 594 2
561 579 2
561 594 2
561 579 2
561 253 2
561 564 2
561 241 2
561 343 2
561 594 2
561 360 2
561 202 2
561 206 2
561 343 2
561 440 2
561 343 2
561 241 2
561 241 2
561 360 2
561 241 2
561 360 2
562 561 1
562 572 2
562 533 2
562 561 2
562 591 2
562 572 2
562 561 2
562 572 2
562 572 2
562 533 2
562 561 2
562 591 2
562 565 2
562 349 2
562 533 2
562 572 2
562 561 2
562 591 2
562 572 2
562 572 2
562 561 2
563 594 2
563 343 2
563 561 2
563 561 2
563 435 2
563 591 2
563 561 2
563 591 2
563 561 2
563 591 2
564 561 1
564 561 2
564 561 2
564 561 2
564 561 2
564 591 2
564 343 2
564 343 2
564 528 2
564 561 2
564 591 2
564 502 2
564 533 2
564 582 2
564 584 2
564 591 2
564 591 2
564 582 2
564 582 2
564 582 2
564 561 2
564 561 2
564 582 2
564 582 2
564 582 2
564 561 2
564 582 2
564 561 2
564 533 2
564 561 2
564 591 2
564 533 2
564 561 2
564 533 2
564 561 2
564 591 2
564 533 2
564 533 2
564 533 2
564 582 2
564 590 2
564 561 2
564 561 2
564 582 2
564 582 2
564 533 2
564 561 2
564 591 2
564 561 2
564 561 2
564 533 2
564 596 2
564 591 2
564 561 2
564 596 2
564 591 2
564 591 2
564 530 2
564 502 2
564 590 2
564 584 2
564 582 2
564 582 2
564 533 2
564 582 2
564 585 2
564 561 2
564 591 2
564 590 2
564 590 2
564 561 2
564 582 2
564 582 2
564 533 2
564 582 2
564 561 2
564 591 2
564 533 2
564 590 2
564 584 2
564 590 2
564 582 2
564 582 2
564 533 2
564 582 2
564 585 2
564 586 2
564 591 2
564 533 2
565 561 2
565 250 2
566 561 1
566 565 2
566 561 2
566 579 2
566 533 2
566 349 2
566 591 2
566 596 2
566 554 2
566 533 2
566 576 2
566 561 2
566 561 2
567 564 1
567 590 2
567 561 2
567 564 2
567 565 2
567 533 2
567 576 2
567 533 2
567 349 2
567 591 2
567 596 2
568 250 2
568 358 2
568 561 1
568 565 2
568 565 2
568 358 2
568 533 2
568 591 2
568 565 2
568 565 2
568 358 2
568 565 2
568 358 2
568 533 2
568 591 2
568 358 2
568 358 2
568 358 2
568 450 2
568 348 2
568 561 2
568 561 2
568 450 2
568 533 2
568 591 2
568 533 2
568 591 2
568 522 2
568 250 2
568 257 2
568 561 2
569 533 1
569 564 1
569 358 1
569 561 1
569 554 2
569 554 2
569 432 2
569 432 2
569 590 2
569 564 2
569 533 2
569 554 2
569 591 2
569 561 2
569 561 2
569 591 2
569 581 2
569 591 2
569 561 2
569 579 2
569 582 2
569 533 1
569 561 1
569 561 1
569 533 1
569 533 1
569 576 2
570 359 1
570 343 2
570 561 2
570 360 2
570 561 2
571 465 2
573 477 1
573 477 1
573 477 2
573 477 2
574 477 2
574 573 2
574 573 2
574 573 2
574 573 2
574 573 2
574 573 2
574 573 2
574 477 2
574 573 2
574 573 2
574 573 2
574 573 2
574 573 2
574 573 2
574 573 2
574 477 2
574 573 2
574 573 2
574 573 2
574 477 2
574 573 2
576 533 1
576 533 2
576 343 2
576 533 1
576 343 2
576 435 2
577 594 1
577 594 2
579 571 2
580 529 2
580 529 2
580 529 2
580 529 2
580 250 2
580 349 2
580 250 2
581 591 2
581 591 2
581 591 2
582 591 2
582 591 2
582 591 2
582 591 2
582 584 2
582 591 2
582 591 2
582 421 2
582 591 2
582 591 2
582 591 2
582 591 2
582 591 2
582 591 2
582 591 2
582 591 2
582 591 2
582 591 2
582 591 2
582 591 2
582 591 2
582 591 2
582 591 2
582 591 2
582 591 2
582 591 2
582 591 2
582 591 2
583 440 1
583 591 2
583 591 2
583 591 2
583 591 2
583 591 2
583 591 2
583 591 2
584 591 2
584 591 2
584 591 2
584 590 1
585 591 2
586 590 1
587 440 1
587 591 2
587 591 2
587 591 2
587 591 2
587 591 2
587 591 2
587 591 2
587 591 2
587 591 2
587 591 2
587 591 2
587 591 2
587 591 2
587 591 2
588 591 2
588 591 2
588 591 2
588 591 2
588 591 2
588 591 2
588 591 2
588 591 2
588 591 2
588 591 2
588 591 2
588 591 2
588 591 2
588 591 2
588 591 2
588 591 2
588 591 2
588 591 2
588 591 2
588 591 2
297 591 2
589 440 1
589 591 2
589 587 1
589 591 2
589 587 2
589 591 2
590 591 2
590 591 2
590 591 2
590 591 2
590 591 2
590 533 2
591 440 1
591 594 1
591 440 1
591 594 2
591 594 2
591 594 2
591 594 2
591 440 2
592 440 1
592 591 2
592 591 2
592 591 2
592 591 2
592 591 2
592 591 2
592 591 2
593 591 2
593 591 2
593 591 2
593 591 2
593 591 2
593 591 2
595 590 1
596 591 2
596 591 2
596 591 2
596 591 2
596 591 2
596 591 2
596 591 2
596 591 2
596 591 2
596 591 2
596 591 2
596 591 2
596 591 2
596 421 2
596 591 2
596 591 2
533 440 1
533 591 2
533 591 2
533 591 2
533 591 2
533 591 2
533 591 2
533 591 2
533 591 2
533 584 2
533 591 2
533 591 2
533 591 2
533 584 2
533 591 2
533 591 2
533 591 2
533 591 2
533 591 2
533 584 2
533 591 2
533 297 2
533 590 2
533 591 2
533 591 2
533 591 2
533 591 2
533 591 2
533 591 2
533 591 2
533 591 2
533 591 2
533 591 2
533 591 2
533 591 2
533 591 2
533 591 2
533 591 2
533 591 2
533 591 2
